0
1.6047
0
1.6047
0
1.6047
0
1.6047
0
1.6047
3.2094
4.8141
3.2094
4.8141
3.2094
4.8141
3.2094
4.8141
3.2094
4.8141
6.4188
8.0235
6.4188
8.0235
6.4188
8.0235
6.4188
8.0235
6.4188
8.0235
9.6282
11.2329
9.6282
11.2329
9.6282
11.2329
9.6282
11.2329
9.6282
11.2329
12.8376
14.4423
12.8376
14.4423
12.8376
14.4423
12.8376
14.4423
12.8376
14.4423
16.047
17.6517
16.047
17.6517
16.047
17.6517
16.047
17.6517
16.047
17.6517
19.2564
20.8611
19.2564
20.8611
19.2564
20.8611
19.2564
20.8611
19.2564
20.8611
22.4658
24.0705
22.4658
24.0705
22.4658
24.0705
22.4658
24.0705
22.4658
24.0705
25.6752
27.2799
25.6752
27.2799
25.6752
27.2799
25.6752
27.2799
25.6752
27.2799
28.8846
30.4893
28.8846
30.4893
28.8846
30.4893
28.8846
30.4893
28.8846
30.4893
1.6047
3.2094
1.6047
3.2094
1.6047
3.2094
1.6047
3.2094
1.6047
3.2094
4.8141
6.4188
4.8141
6.4188
4.8141
6.4188
4.8141
6.4188
4.8141
6.4188
8.0235
9.6282
8.0235
9.6282
8.0235
9.6282
8.0235
9.6282
8.0235
9.6282
11.2329
12.8376
11.2329
12.8376
11.2329
12.8376
11.2329
12.8376
11.2329
12.8376
14.4423
16.047
14.4423
16.047
14.4423
16.047
14.4423
16.047
14.4423
16.047
17.6517
19.2564
17.6517
19.2564
17.6517
19.2564
17.6517
19.2564
17.6517
19.2564
20.8611
22.4658
20.8611
22.4658
20.8611
22.4658
20.8611
22.4658
20.8611
22.4658
24.0705
25.6752
24.0705
25.6752
24.0705
25.6752
24.0705
25.6752
24.0705
25.6752
27.2799
28.8846
27.2799
28.8846
27.2799
28.8846
27.2799
28.8846
27.2799
28.8846
30.4893
32.094
30.4893
32.094
30.4893
32.094
30.4893
32.094
30.4893
32.094
0
1.6047
0
1.6047
0
1.6047
0
1.6047
0
1.6047
3.2094
4.8141
3.2094
4.8141
3.2094
4.8141
3.2094
4.8141
3.2094
4.8141
6.4188
8.0235
6.4188
8.0235
6.4188
8.0235
6.4188
8.0235
6.4188
8.0235
9.6282
11.2329
9.6282
11.2329
9.6282
11.2329
9.6282
11.2329
9.6282
11.2329
12.8376
14.4423
12.8376
14.4423
12.8376
14.4423
12.8376
14.4423
12.8376
14.4423
16.047
17.6517
16.047
17.6517
16.047
17.6517
16.047
17.6517
16.047
17.6517
19.2564
20.8611
19.2564
20.8611
19.2564
20.8611
19.2564
20.8611
19.2564
20.8611
22.4658
24.0705
22.4658
24.0705
22.4658
24.0705
22.4658
24.0705
22.4658
24.0705
25.6752
27.2799
25.6752
27.2799
25.6752
27.2799
25.6752
27.2799
25.6752
27.2799
28.8846
30.4893
28.8846
30.4893
28.8846
30.4893
28.8846
30.4893
28.8846
30.4893
1.6047
3.2094
1.6047
3.2094
1.6047
3.2094
1.6047
3.2094
1.6047
3.2094
4.8141
6.4188
4.8141
6.4188
4.8141
6.4188
4.8141
6.4188
4.8141
6.4188
8.0235
9.6282
8.0235
9.6282
8.0235
9.6282
8.0235
9.6282
8.0235
9.6282
11.2329
12.8376
11.2329
12.8376
11.2329
12.8376
11.2329
12.8376
11.2329
12.8376
14.4423
16.047
14.4423
16.047
14.4423
16.047
14.4423
16.047
14.4423
16.047
17.6517
19.2564
17.6517
19.2564
17.6517
19.2564
17.6517
19.2564
17.6517
19.2564
20.8611
22.4658
20.8611
22.4658
20.8611
22.4658
20.8611
22.4658
20.8611
22.4658
24.0705
25.6752
24.0705
25.6752
24.0705
25.6752
24.0705
25.6752
24.0705
25.6752
27.2799
28.8846
27.2799
28.8846
27.2799
28.8846
27.2799
28.8846
27.2799
28.8846
30.4893
32.094
30.4893
32.094
30.4893
32.094
30.4893
32.094
30.4893
32.094
0
1.6047
0
1.6047
0
1.6047
0
1.6047
0
1.6047
3.2094
4.8141
3.2094
4.8141
3.2094
4.8141
3.2094
4.8141
3.2094
4.8141
6.4188
8.0235
6.4188
8.0235
6.4188
8.0235
6.4188
8.0235
6.4188
8.0235
9.6282
11.2329
9.6282
11.2329
9.6282
11.2329
9.6282
11.2329
9.6282
11.2329
12.8376
14.4423
12.8376
14.4423
12.8376
14.4423
12.8376
14.4423
12.8376
14.4423
16.047
17.6517
16.047
17.6517
16.047
17.6517
16.047
17.6517
16.047
17.6517
19.2564
20.8611
19.2564
20.8611
19.2564
20.8611
19.2564
20.8611
19.2564
20.8611
22.4658
24.0705
22.4658
24.0705
22.4658
24.0705
22.4658
24.0705
22.4658
24.0705
25.6752
27.2799
25.6752
27.2799
25.6752
27.2799
25.6752
27.2799
25.6752
27.2799
28.8846
30.4893
28.8846
30.4893
28.8846
30.4893
28.8846
30.4893
28.8846
30.4893
1.6047
3.2094
1.6047
3.2094
1.6047
3.2094
1.6047
3.2094
1.6047
3.2094
4.8141
6.4188
4.8141
6.4188
4.8141
6.4188
4.8141
6.4188
4.8141
6.4188
8.0235
9.6282
8.0235
9.6282
8.0235
9.6282
8.0235
9.6282
8.0235
9.6282
11.2329
12.8376
11.2329
12.8376
11.2329
12.8376
11.2329
12.8376
11.2329
12.8376
14.4423
16.047
14.4423
16.047
14.4423
16.047
14.4423
16.047
14.4423
16.047
17.6517
19.2564
17.6517
19.2564
17.6517
19.2564
17.6517
19.2564
17.6517
19.2564
20.8611
22.4658
20.8611
22.4658
20.8611
22.4658
20.8611
22.4658
20.8611
22.4658
24.0705
25.6752
24.0705
25.6752
24.0705
25.6752
24.0705
25.6752
24.0705
25.6752
27.2799
28.8846
27.2799
28.8846
27.2799
28.8846
27.2799
28.8846
27.2799
28.8846
30.4893
32.094
30.4893
32.094
30.4893
32.094
30.4893
32.094
30.4893
32.094
0
1.6047
0
1.6047
0
1.6047
0
1.6047
0
1.6047
3.2094
4.8141
3.2094
4.8141
3.2094
4.8141
3.2094
4.8141
3.2094
4.8141
6.4188
8.0235
6.4188
8.0235
6.4188
8.0235
6.4188
8.0235
6.4188
8.0235
9.6282
11.2329
9.6282
11.2329
9.6282
11.2329
9.6282
11.2329
9.6282
11.2329
12.8376
14.4423
12.8376
14.4423
12.8376
14.4423
12.8376
14.4423
12.8376
14.4423
16.047
17.6517
16.047
17.6517
16.047
17.6517
16.047
17.6517
16.047
17.6517
19.2564
20.8611
19.2564
20.8611
19.2564
20.8611
19.2564
20.8611
19.2564
20.8611
22.4658
24.0705
22.4658
24.0705
22.4658
24.0705
22.4658
24.0705
22.4658
24.0705
25.6752
27.2799
25.6752
27.2799
25.6752
27.2799
25.6752
27.2799
25.6752
27.2799
28.8846
30.4893
28.8846
30.4893
28.8846
30.4893
28.8846
30.4893
28.8846
30.4893
1.6047
3.2094
1.6047
3.2094
1.6047
3.2094
1.6047
3.2094
1.6047
3.2094
4.8141
6.4188
4.8141
6.4188
4.8141
6.4188
4.8141
6.4188
4.8141
6.4188
8.0235
9.6282
8.0235
9.6282
8.0235
9.6282
8.0235
9.6282
8.0235
9.6282
11.2329
12.8376
11.2329
12.8376
11.2329
12.8376
11.2329
12.8376
11.2329
12.8376
14.4423
16.047
14.4423
16.047
14.4423
16.047
14.4423
16.047
14.4423
16.047
17.6517
19.2564
17.6517
19.2564
17.6517
19.2564
17.6517
19.2564
17.6517
19.2564
20.8611
22.4658
20.8611
22.4658
20.8611
22.4658
20.8611
22.4658
20.8611
22.4658
24.0705
25.6752
24.0705
25.6752
24.0705
25.6752
24.0705
25.6752
24.0705
25.6752
27.2799
28.8846
27.2799
28.8846
27.2799
28.8846
27.2799
28.8846
27.2799
28.8846
30.4893
32.094
30.4893
32.094
30.4893
32.094
30.4893
32.094
30.4893
32.094
0
1.6047
0
1.6047
0
1.6047
0
1.6047
0
1.6047
3.2094
4.8141
3.2094
4.8141
3.2094
4.8141
3.2094
4.8141
3.2094
4.8141
6.4188
8.0235
6.4188
8.0235
6.4188
8.0235
6.4188
8.0235
6.4188
8.0235
9.6282
11.2329
9.6282
11.2329
9.6282
11.2329
9.6282
11.2329
9.6282
11.2329
12.8376
14.4423
12.8376
14.4423
12.8376
14.4423
12.8376
14.4423
12.8376
14.4423
16.047
17.6517
16.047
17.6517
16.047
17.6517
16.047
17.6517
16.047
17.6517
19.2564
20.8611
19.2564
20.8611
19.2564
20.8611
19.2564
20.8611
19.2564
20.8611
22.4658
24.0705
22.4658
24.0705
22.4658
24.0705
22.4658
24.0705
22.4658
24.0705
25.6752
27.2799
25.6752
27.2799
25.6752
27.2799
25.6752
27.2799
25.6752
27.2799
28.8846
30.4893
28.8846
30.4893
28.8846
30.4893
28.8846
30.4893
28.8846
30.4893
1.6047
3.2094
1.6047
3.2094
1.6047
3.2094
1.6047
3.2094
1.6047
3.2094
4.8141
6.4188
4.8141
6.4188
4.8141
6.4188
4.8141
6.4188
4.8141
6.4188
8.0235
9.6282
8.0235
9.6282
8.0235
9.6282
8.0235
9.6282
8.0235
9.6282
11.2329
12.8376
11.2329
12.8376
11.2329
12.8376
11.2329
12.8376
11.2329
12.8376
14.4423
16.047
14.4423
16.047
14.4423
16.047
14.4423
16.047
14.4423
16.047
17.6517
19.2564
17.6517
19.2564
17.6517
19.2564
17.6517
19.2564
17.6517
19.2564
20.8611
22.4658
20.8611
22.4658
20.8611
22.4658
20.8611
22.4658
20.8611
22.4658
24.0705
25.6752
24.0705
25.6752
24.0705
25.6752
24.0705
25.6752
24.0705
25.6752
27.2799
28.8846
27.2799
28.8846
27.2799
28.8846
27.2799
28.8846
27.2799
28.8846
30.4893
32.094
30.4893
32.094
30.4893
32.094
30.4893
32.094
30.4893
32.094
