0
2.77942
5.55884
8.33827
11.1177
13.8971
16.6765
19.456
22.2354
25.0148
0
2.77942
5.55884
8.33827
11.1177
13.8971
16.6765
19.456
22.2354
25.0148
0
2.77942
5.55884
8.33827
11.1177
13.8971
16.6765
19.456
22.2354
25.0148
0
2.77942
5.55884
8.33827
11.1177
13.8971
16.6765
19.456
22.2354
25.0148
0
2.77942
5.55884
8.33827
11.1177
13.8971
16.6765
19.456
22.2354
25.0148
0
2.77942
5.55884
8.33827
11.1177
13.8971
16.6765
19.456
22.2354
25.0148
0
2.77942
5.55884
8.33827
11.1177
13.8971
16.6765
19.456
22.2354
25.0148
0
2.77942
5.55884
8.33827
11.1177
13.8971
16.6765
19.456
22.2354
25.0148
0
2.77942
5.55884
8.33827
11.1177
13.8971
16.6765
19.456
22.2354
25.0148
0
2.77942
5.55884
8.33827
11.1177
13.8971
16.6765
19.456
22.2354
25.0148
0.926474
3.7059
6.48532
9.26474
12.0442
14.8236
17.603
20.3824
23.1618
25.9413
0.926474
3.7059
6.48532
9.26474
12.0442
14.8236
17.603
20.3824
23.1618
25.9413
0.926474
3.7059
6.48532
9.26474
12.0442
14.8236
17.603
20.3824
23.1618
25.9413
0.926474
3.7059
6.48532
9.26474
12.0442
14.8236
17.603
20.3824
23.1618
25.9413
0.926474
3.7059
6.48532
9.26474
12.0442
14.8236
17.603
20.3824
23.1618
25.9413
0.926474
3.7059
6.48532
9.26474
12.0442
14.8236
17.603
20.3824
23.1618
25.9413
0.926474
3.7059
6.48532
9.26474
12.0442
14.8236
17.603
20.3824
23.1618
25.9413
0.926474
3.7059
6.48532
9.26474
12.0442
14.8236
17.603
20.3824
23.1618
25.9413
0.926474
3.7059
6.48532
9.26474
12.0442
14.8236
17.603
20.3824
23.1618
25.9413
0.926474
3.7059
6.48532
9.26474
12.0442
14.8236
17.603
20.3824
23.1618
25.9413
0
2.77942
5.55884
8.33827
11.1177
13.8971
16.6765
19.456
22.2354
25.0148
0
2.77942
5.55884
8.33827
11.1177
13.8971
16.6765
19.456
22.2354
25.0148
0
2.77942
5.55884
8.33827
11.1177
13.8971
16.6765
19.456
22.2354
25.0148
0
2.77942
5.55884
8.33827
11.1177
13.8971
16.6765
19.456
22.2354
25.0148
0
2.77942
5.55884
8.33827
11.1177
13.8971
16.6765
19.456
22.2354
25.0148
0
2.77942
5.55884
8.33827
11.1177
13.8971
16.6765
19.456
22.2354
25.0148
0
2.77942
5.55884
8.33827
11.1177
13.8971
16.6765
19.456
22.2354
25.0148
0
2.77942
5.55884
8.33827
11.1177
13.8971
16.6765
19.456
22.2354
25.0148
0
2.77942
5.55884
8.33827
11.1177
13.8971
16.6765
19.456
22.2354
25.0148
0
2.77942
5.55884
8.33827
11.1177
13.8971
16.6765
19.456
22.2354
25.0148
0.926474
3.7059
6.48532
9.26474
12.0442
14.8236
17.603
20.3824
23.1618
25.9413
0.926474
3.7059
6.48532
9.26474
12.0442
14.8236
17.603
20.3824
23.1618
25.9413
0.926474
3.7059
6.48532
9.26474
12.0442
14.8236
17.603
20.3824
23.1618
25.9413
0.926474
3.7059
6.48532
9.26474
12.0442
14.8236
17.603
20.3824
23.1618
25.9413
0.926474
3.7059
6.48532
9.26474
12.0442
14.8236
17.603
20.3824
23.1618
25.9413
0.926474
3.7059
6.48532
9.26474
12.0442
14.8236
17.603
20.3824
23.1618
25.9413
0.926474
3.7059
6.48532
9.26474
12.0442
14.8236
17.603
20.3824
23.1618
25.9413
0.926474
3.7059
6.48532
9.26474
12.0442
14.8236
17.603
20.3824
23.1618
25.9413
0.926474
3.7059
6.48532
9.26474
12.0442
14.8236
17.603
20.3824
23.1618
25.9413
0.926474
3.7059
6.48532
9.26474
12.0442
14.8236
17.603
20.3824
23.1618
25.9413
0
2.77942
5.55884
8.33827
11.1177
13.8971
16.6765
19.456
22.2354
25.0148
0
2.77942
5.55884
8.33827
11.1177
13.8971
16.6765
19.456
22.2354
25.0148
0
2.77942
5.55884
8.33827
11.1177
13.8971
16.6765
19.456
22.2354
25.0148
0
2.77942
5.55884
8.33827
11.1177
13.8971
16.6765
19.456
22.2354
25.0148
0
2.77942
5.55884
8.33827
11.1177
13.8971
16.6765
19.456
22.2354
25.0148
0
2.77942
5.55884
8.33827
11.1177
13.8971
16.6765
19.456
22.2354
25.0148
0
2.77942
5.55884
8.33827
11.1177
13.8971
16.6765
19.456
22.2354
25.0148
0
2.77942
5.55884
8.33827
11.1177
13.8971
16.6765
19.456
22.2354
25.0148
0
2.77942
5.55884
8.33827
11.1177
13.8971
16.6765
19.456
22.2354
25.0148
0
2.77942
5.55884
8.33827
11.1177
13.8971
16.6765
19.456
22.2354
25.0148
0.926474
3.7059
6.48532
9.26474
12.0442
14.8236
17.603
20.3824
23.1618
25.9413
0.926474
3.7059
6.48532
9.26474
12.0442
14.8236
17.603
20.3824
23.1618
25.9413
0.926474
3.7059
6.48532
9.26474
12.0442
14.8236
17.603
20.3824
23.1618
25.9413
0.926474
3.7059
6.48532
9.26474
12.0442
14.8236
17.603
20.3824
23.1618
25.9413
0.926474
3.7059
6.48532
9.26474
12.0442
14.8236
17.603
20.3824
23.1618
25.9413
0.926474
3.7059
6.48532
9.26474
12.0442
14.8236
17.603
20.3824
23.1618
25.9413
0.926474
3.7059
6.48532
9.26474
12.0442
14.8236
17.603
20.3824
23.1618
25.9413
0.926474
3.7059
6.48532
9.26474
12.0442
14.8236
17.603
20.3824
23.1618
25.9413
0.926474
3.7059
6.48532
9.26474
12.0442
14.8236
17.603
20.3824
23.1618
25.9413
0.926474
3.7059
6.48532
9.26474
12.0442
14.8236
17.603
20.3824
23.1618
25.9413
0
2.77942
5.55884
8.33827
11.1177
13.8971
16.6765
19.456
22.2354
25.0148
0
2.77942
5.55884
8.33827
11.1177
13.8971
16.6765
19.456
22.2354
25.0148
0
2.77942
5.55884
8.33827
11.1177
13.8971
16.6765
19.456
22.2354
25.0148
0
2.77942
5.55884
8.33827
11.1177
13.8971
16.6765
19.456
22.2354
25.0148
0
2.77942
5.55884
8.33827
11.1177
13.8971
16.6765
19.456
22.2354
25.0148
0
2.77942
5.55884
8.33827
11.1177
13.8971
16.6765
19.456
22.2354
25.0148
0
2.77942
5.55884
8.33827
11.1177
13.8971
16.6765
19.456
22.2354
25.0148
0
2.77942
5.55884
8.33827
11.1177
13.8971
16.6765
19.456
22.2354
25.0148
0
2.77942
5.55884
8.33827
11.1177
13.8971
16.6765
19.456
22.2354
25.0148
0
2.77942
5.55884
8.33827
11.1177
13.8971
16.6765
19.456
22.2354
25.0148
0.926474
3.7059
6.48532
9.26474
12.0442
14.8236
17.603
20.3824
23.1618
25.9413
0.926474
3.7059
6.48532
9.26474
12.0442
14.8236
17.603
20.3824
23.1618
25.9413
0.926474
3.7059
6.48532
9.26474
12.0442
14.8236
17.603
20.3824
23.1618
25.9413
0.926474
3.7059
6.48532
9.26474
12.0442
14.8236
17.603
20.3824
23.1618
25.9413
0.926474
3.7059
6.48532
9.26474
12.0442
14.8236
17.603
20.3824
23.1618
25.9413
0.926474
3.7059
6.48532
9.26474
12.0442
14.8236
17.603
20.3824
23.1618
25.9413
0.926474
3.7059
6.48532
9.26474
12.0442
14.8236
17.603
20.3824
23.1618
25.9413
0.926474
3.7059
6.48532
9.26474
12.0442
14.8236
17.603
20.3824
23.1618
25.9413
0.926474
3.7059
6.48532
9.26474
12.0442
14.8236
17.603
20.3824
23.1618
25.9413
0.926474
3.7059
6.48532
9.26474
12.0442
14.8236
17.603
20.3824
23.1618
25.9413
0
2.77942
5.55884
8.33827
11.1177
13.8971
16.6765
19.456
22.2354
25.0148
0
2.77942
5.55884
8.33827
11.1177
13.8971
16.6765
19.456
22.2354
25.0148
0
2.77942
5.55884
8.33827
11.1177
13.8971
16.6765
19.456
22.2354
25.0148
0
2.77942
5.55884
8.33827
11.1177
13.8971
16.6765
19.456
22.2354
25.0148
0
2.77942
5.55884
8.33827
11.1177
13.8971
16.6765
19.456
22.2354
25.0148
0
2.77942
5.55884
8.33827
11.1177
13.8971
16.6765
19.456
22.2354
25.0148
0
2.77942
5.55884
8.33827
11.1177
13.8971
16.6765
19.456
22.2354
25.0148
0
2.77942
5.55884
8.33827
11.1177
13.8971
16.6765
19.456
22.2354
25.0148
0
2.77942
5.55884
8.33827
11.1177
13.8971
16.6765
19.456
22.2354
25.0148
0
2.77942
5.55884
8.33827
11.1177
13.8971
16.6765
19.456
22.2354
25.0148
0.926474
3.7059
6.48532
9.26474
12.0442
14.8236
17.603
20.3824
23.1618
25.9413
0.926474
3.7059
6.48532
9.26474
12.0442
14.8236
17.603
20.3824
23.1618
25.9413
0.926474
3.7059
6.48532
9.26474
12.0442
14.8236
17.603
20.3824
23.1618
25.9413
0.926474
3.7059
6.48532
9.26474
12.0442
14.8236
17.603
20.3824
23.1618
25.9413
0.926474
3.7059
6.48532
9.26474
12.0442
14.8236
17.603
20.3824
23.1618
25.9413
0.926474
3.7059
6.48532
9.26474
12.0442
14.8236
17.603
20.3824
23.1618
25.9413
0.926474
3.7059
6.48532
9.26474
12.0442
14.8236
17.603
20.3824
23.1618
25.9413
0.926474
3.7059
6.48532
9.26474
12.0442
14.8236
17.603
20.3824
23.1618
25.9413
0.926474
3.7059
6.48532
9.26474
12.0442
14.8236
17.603
20.3824
23.1618
25.9413
0.926474
3.7059
6.48532
9.26474
12.0442
14.8236
17.603
20.3824
23.1618
25.9413
