-0.146110811103816
-0.147232761394281
-0.148351932040930
-0.149468337013663
-0.150581990282381
-0.151692905816986
-0.152801097587377
-0.153906579563456
-0.155009365715124
-0.156109470012280
-0.157206906424826
-0.158301688922663
-0.159393831475691
-0.160483348053811
-0.161570252626924
-0.162654559164931
-0.163736281637732
-0.164815434015227
-0.165892030267319
-0.166966084363908
-0.168037610274893
-0.169106621970177
-0.170173133419660
-0.171237158593242
-0.172298711460824
-0.173357805992308
-0.174414456157594
-0.175468675926582
-0.176520479269173
-0.177569880155269
-0.178616892554769
-0.179661530437575
-0.180703807773587
-0.181743738532706
-0.182781336684834
-0.183816616199869
-0.184849591047714
-0.185880275198270
-0.186908682621436
-0.187934827287114
-0.188958723165204
-0.189980384225607
-0.190999824438224
-0.192017057772955
-0.193032098199702
-0.194044959688365
-0.195055656208845
-0.196064201731043
-0.197070610224859
-0.198074895660194
-0.199077072006948
-0.200077153235024
-0.201075153314321
-0.202071086214740
-0.203064965906181
-0.204056806358547
-0.205046621541737
-0.206034425425651
-0.207020231980192
-0.208004055175260
-0.208985908980754
-0.209965807366577
-0.210943764302629
-0.211919793758810
-0.212893909705022
-0.213866126111165
-0.214836456947140
-0.215804916182847
-0.216771517788188
-0.217736275733063
-0.218699203987372
-0.219660316521018
-0.220619627303900
-0.221577150305918
-0.222532899496975
-0.223486888846971
-0.224439132325805
-0.225389643903380
-0.226338437549596
-0.227285527234354
-0.228230926927554
-0.229174650599097
-0.230116712218883
-0.231057125756815
-0.231995905182792
-0.232933064466715
-0.233868617578485
-0.234802578488002
-0.235734961165168
-0.236665779579884
-0.237595047702049
-0.238522779501564
-0.239448988948331
-0.240373690012251
-0.241296896663223
-0.242218622871149
-0.243138882605929
-0.244057689837464
-0.244975058535655
-0.245891002670403
-0.246805536211609
-0.247718673129172
-0.248630427392995
-0.249540812972977
-0.250449843839019
-0.251357533961023
-0.252263897308888
-0.253168947852517
-0.254072699561808
-0.254975166406664
-0.255876362356985
-0.256776301382671
-0.257674997453624
-0.258572464539744
-0.259468716610932
-0.260363767637088
-0.261257631588114
-0.262150322433911
-0.263041854144378
-0.263932240689416
-0.264821496038928
-0.265709634162812
-0.266596669030970
-0.267482614613303
-0.268367484879712
-0.269251293800096
-0.270134055344358
-0.271015783482397
-0.271896492184115
-0.272776195419412
-0.273654907158188
-0.274532641370346
-0.275409412025785
-0.276285233094406
-0.277160118546110
-0.278034082350798
-0.278907138478370
-0.279779300898727
-0.280650583581770
-0.281521000497400
-0.282390565615518
-0.283259292906024
-0.284127196338818
-0.284994289883803
-0.285860587510877
-0.286726103189943
-0.287590850890901
-0.288454844583652
-0.289318098238096
-0.290180625824134
-0.291042441311667
-0.291903558670596
-0.292763991870822
-0.293623754882244
-0.294482861674765
-0.295341326218284
-0.296199162482703
-0.297056384437922
-0.297913006053842
-0.298769041300363
-0.299624504147387
-0.300479408564815
-0.301333768522546
-0.302187597990482
-0.303040910938523
-0.303893721336571
-0.304746043154526
-0.305597890362288
-0.306449276929759
-0.307300216826839
-0.308150724023429
-0.309000812489430
-0.309850496194742
-0.310699789109267
-0.311548705202904
-0.312397258445555
-0.313245462807121
-0.314093332257502
-0.314940880766599
-0.315788122304312
-0.316635070840543
-0.317481740345193
-0.318328144788161
-0.319174298139349
-0.320020214368658
-0.320865907445988
-0.321711391341239
-0.322556680024314
-0.323401787465112
-0.324246727633534
-0.325091514499481
-0.325936162032854
-0.326780684203554
-0.327625094981481
-0.328469408336536
-0.329313638238619
-0.330157798657632
-0.331001903563475
-0.331845966926050
-0.332690002715256
-0.333534024900994
-0.334378043366798
-0.335222051650725
-0.336066039204467
-0.336909995479714
-0.337753909928158
-0.338597772001488
-0.339441571151396
-0.340285296829572
-0.341128938487706
-0.341972485577491
-0.342815927550615
-0.343659253858771
-0.344502453953648
-0.345345517286937
-0.346188433310330
-0.347031191475516
-0.347873781234187
-0.348716192038033
-0.349558413338745
-0.350400434588013
-0.351242245237529
-0.352083834738983
-0.352925192544065
-0.353766308104467
-0.354607170871879
-0.355447770297991
-0.356288095834495
-0.357128136933081
-0.357967883045440
-0.358807323623263
-0.359646448118240
-0.360485245982062
-0.361323706666420
-0.362161819623004
-0.362999574303505
-0.363836960159614
-0.364673966643021
-0.365510583205417
-0.366346799298494
-0.367182604373941
-0.368017987883449
-0.368852939278709
-0.369687448011412
-0.370521503533249
-0.371355095295909
-0.372188212751084
-0.373020845350465
-0.373852982545742
-0.374684613788606
-0.375515728530747
-0.376346316223857
-0.377176366319626
-0.378005868269744
-0.378834811525903
-0.379663185539793
-0.380490979763104
-0.381318183647528
-0.382144786644756
-0.382970778206477
-0.383796147784383
-0.384620884830164
-0.385444978795511
-0.386268419132115
-0.387091195291666
-0.387913296725856
-0.388734712886374
-0.389555433224912
-0.390375447193160
-0.391194744242808
-0.392013313825549
-0.392831145393072
-0.393648228397067
-0.394464552289227
-0.395280106521241
-0.396094880544800
-0.396908863811594
-0.397722045773316
-0.398534415881654
-0.399345963588301
-0.400156678344946
-0.400966549603280
-0.401775566814995
-0.402583719431780
-0.403390996905326
-0.404197388687325
-0.405002884229466
-0.405807472983441
-0.406611144400940
-0.407413887933655
-0.408215693033274
-0.409016549151490
-0.409816445739994
-0.410615372250474
-0.411413318134624
-0.412210272844132
-0.413006225830690
-0.413801166545989
-0.414595084441719
-0.415387968969571
-0.416179809581235
-0.416970595728403
-0.417760316862765
-0.418548962436012
-0.419336521899834
-0.420122984705922
-0.420908340305967
-0.421692578151660
-0.422475687694691
-0.423257658386750
-0.424038479679530
-0.424818141024720
-0.425596631874010
-0.426373941679093
-0.427150059891658
-0.427924975963396
-0.428698679345998
-0.429471159491154
-0.430242405850556
-0.431012407875894
-0.431781155018858
-0.432548636731140
-0.433314842464430
-0.434079761670418
-0.434843383800796
-0.435605698307254
-0.436366694641483
-0.437126362255174
-0.437884690600016
-0.438641669127702
-0.439397287289922
-0.440151534538365
-0.440904400324724
-0.441655874100689
-0.442405945317950
-0.443154603428198
-0.443901837883124
-0.444647638134418
-0.445391993633772
-0.446134893832876
-0.446876328183420
-0.447616286137096
-0.448354757145594
-0.449091730660605
-0.449827196133819
-0.450561143016927
-0.451293560761620
-0.452024438819589
-0.452753766642524
-0.453481533682116
-0.454207729390056
-0.454932343218034
-0.455655364617741
-0.456376783040868
-0.457096587939105
-0.457814768764143
-0.458531314967674
-0.459246216001387
-0.459959461316973
-0.460671040366123
-0.461380942600528
-0.462089157471878
-0.462795674431865
-0.463500482932178
-0.464203572424508
-0.464904932360547
-0.465604552191985
-0.466302421370512
-0.466998529347820
-0.467692865575598
-0.468385419505538
-0.469076180589331
-0.469765138278667
-0.470452282025236
-0.471137601280730
-0.471821085496839
-0.472502724125254
-0.473182506617666
-0.473860422425765
-0.474536461001242
-0.475210611795787
-0.475882864261092
-0.476553207848847
-0.477221632010743
-0.477888126198471
-0.478552679863720
-0.479215282458183
-0.479875923433549
-0.480534592241509
-0.481191278333755
-0.481845971161976
-0.482498660177863
-0.483149334833108
-0.483797984579400
-0.484444598868431
-0.485089167151891
-0.485731678881471
-0.486372123508862
-0.487010490485754
-0.487646769263838
-0.488280949294805
-0.488913013372672
-0.489542917660767
-0.490170611664746
-0.490796044890262
-0.491419166842970
-0.492039927028525
-0.492658274952582
-0.493274160120795
-0.493887532038819
-0.494498340212310
-0.495106534146920
-0.495712063348306
-0.496314877322122
-0.496914925574023
-0.497512157609663
-0.498106522934697
-0.498697971054780
-0.499286451475567
-0.499871913702712
-0.500454307241869
-0.501033581598695
-0.501609686278843
-0.502182570787968
-0.502752184631724
-0.503318477315768
-0.503881398345752
-0.504440897227333
-0.504996923466164
-0.505549426567900
-0.506098356038197
-0.506643661382708
-0.507185292107089
-0.507723197716995
-0.508257327718079
-0.508787631615997
-0.509314058916403
-0.509836559124952
-0.510355081747300
-0.510869576289099
-0.511379992256006
-0.511886279153675
-0.512388386487761
-0.512886263763917
-0.513379860487800
-0.513869126165064
-0.514354010301364
-0.514834462402353
-0.515310431973688
-0.515781868521022
-0.516248721550010
-0.516710940566308
-0.517168475075569
-0.517621274583449
-0.518069288595602
-0.518512466617684
-0.518950758155347
-0.519384112714248
-0.519812479800042
-0.520235808918382
-0.520654049574923
-0.521067151275321
-0.521475063525229
-0.521877735830304
-0.522275117696198
-0.522667158628568
-0.523053808133068
-0.523435015715352
-0.523810730881075
-0.524180903135892
-0.524545481985458
-0.524904416935427
-0.525257657491454
-0.525605153159194
-0.525946853444302
-0.526282707852431
-0.526612665889238
-0.526936677060376
-0.527254690871501
-0.527566656828266
-0.527872524436328
-0.528172243201340
-0.528465762628957
-0.528753032224834
-0.529034001494626
-0.529308619943987
-0.529576837078572
-0.529838602404036
-0.530093865426033
-0.530342575650219
-0.530584682582247
-0.530820135727773
-0.531048884592452
-0.531270878681937
-0.531486067501884
-0.531694400557948
-0.531895827355783
-0.532090297401044
-0.532277760199385
-0.532458165256462
-0.532631462077929
-0.532797600169440
-0.532956529036651
-0.533108198185217
-0.533252557120791
-0.533389555349028
-0.533519142375585
-0.533641267706114
-0.533755880846271
-0.533862931301710
-0.533962368578086
-0.534054142181055
-0.534138201616270
-0.534214496389386
-0.534282976006059
-0.534343589971942
-0.534396287792690
-0.534441018973959
-0.534477733021403
-0.534506379440676
-0.534526907737433
-0.534539267417330
-0.534543407986020
-0.534539278949159
-0.534526829812401
-0.534506010081401
-0.534476769261814
-0.534439056859293
-0.534392822379495
-0.534338015328074
-0.534274585210684
-0.534202481532980
-0.534121653800617
-0.534032051519249
-0.533933624194532
-0.533826321332120
-0.533710092437668
-0.533584887016830
-0.533450654575261
-0.533307344618617
-0.533154906652550
-0.532993290182717
-0.532822444714772
-0.532642319754370
-0.532452864807165
-0.532254029378813
-0.532045762974967
-0.531828015101283
-0.531600735263415
-0.531363872967018
-0.531117377717747
-0.530861199021256
-0.530595286383201
-0.530319589309235
-0.530034057305014
-0.529738639876192
-0.529433286528424
-0.529117946767365
-0.528792570098669
-0.528457106027992
-0.528111504060987
-0.527755713703310
-0.527389684460615
-0.527013365838557
-0.526626707342791
-0.526229658478971
-0.525822168752753
-0.525404187669790
-0.524975664735738
-0.524536549456251
-0.524086791336984
-0.523626339883592
-0.523155144601729
-0.522673154997050
-0.522180320575211
-0.521676590841864
-0.521161915302666
-0.520636243463271
-0.520099524829334
-0.519551708906509
-0.518992745200451
-0.518422583216816
-0.517841172461256
-0.517248462439428
-0.516644402656986
-0.516028942619585
-0.515402031832879
-0.514763619802523
-0.514113656034172
-0.513452090033480
-0.512778871306103
-0.512093949357695
-0.511397273693910
-0.510688793820404
-0.509968459242831
-0.509236219466846
-0.508492023998103
-0.507735822342258
-0.506967564004964
-0.506187198491877
-0.505394675308652
-0.504589962546256
-0.503773102636907
-0.502944156598138
-0.502103185447480
-0.501250250202465
-0.500385411880624
-0.499508731499490
-0.498620270076594
-0.497720088629468
-0.496808248175642
-0.495884809732650
-0.494949834318023
-0.494003382949292
-0.493045516643990
-0.492076296419647
-0.491095783293796
-0.490104038283968
-0.489101122407695
-0.488087096682509
-0.487062022125941
-0.486025959755523
-0.484978970588787
-0.483921115643264
-0.482852455936487
-0.481773052485986
-0.480682966309294
-0.479582258423942
-0.478470989847462
-0.477349221597386
-0.476217014691245
-0.475074430146571
-0.473921528980895
-0.472758372211750
-0.471585020856668
-0.470401535933179
-0.469207978458815
-0.468004409451109
-0.466790889927592
-0.465567480905795
-0.464334243403250
-0.463091238437490
-0.461838527026045
-0.460576170186448
-0.459304228936230
-0.458022764292922
-0.456731837274057
-0.455431508897166
-0.454121840179781
-0.452802892139434
-0.451474725793656
-0.450137402159978
-0.448790982255934
-0.447435527099054
-0.446071097706870
-0.444697755096913
-0.443315560286716
-0.441924574293811
-0.440524858135727
-0.439116472829999
-0.437699479394157
-0.436273938845733
-0.434839912202258
-0.433397460481265
-0.431946644700285
-0.430487525876849
-0.429020165028490
-0.427544623172739
-0.426060961327128
-0.424569240509188
-0.423069521736452
-0.421561866026450
-0.420046334396715
-0.418522987864779
-0.416991887448172
-0.415453094164427
-0.413906669031075
-0.412352673065649
-0.410791167285679
-0.409222212708698
-0.407645870352237
-0.406062201233828
-0.404471266371002
-0.402873126781292
-0.401267843482229
-0.399655477491344
-0.398036089826170
-0.396409741504237
-0.394776493543079
-0.393136406960226
-0.391489542773210
-0.389835961999563
-0.388175725656816
-0.386508894762502
-0.384835530334152
-0.383155693389297
-0.381469444945469
-0.379776846020201
-0.378077957631023
-0.376372840795468
-0.374661556531067
-0.372944165855352
-0.371220729785854
-0.369491309340106
-0.367755965535638
-0.366014759389983
-0.364267751920672
-0.362515004145237
-0.360756577081210
-0.358992531746123
-0.357222929157506
-0.355447830332892
-0.353667296289813
-0.351881388045800
-0.350090166618385
-0.348293693025099
-0.346492028283475
-0.344685233411043
-0.342873369425337
-0.341056497343886
-0.339234678184224
-0.337407972963881
-0.335576442700390
-0.333740148411282
-0.331899151114089
-0.330053511826343
-0.328203291565574
-0.326348551349316
-0.324489352195099
-0.322625755120456
-0.320757821142918
-0.318885611280016
-0.317009186549283
-0.315128607968250
-0.313243936554448
-0.311355233325411
-0.309462559298668
-0.307565975491752
-0.305665542922195
-0.303761322607529
-0.301853375565284
-0.299941762812993
-0.298026545368187
-0.296107784248399
-0.294185540471159
-0.292259875054000
-0.290330849014453
-0.288398523370050
-0.286462959138322
-0.284524217336802
-0.282582358983020
-0.280637445094510
-0.278689536688801
-0.276738694783427
-0.274784980395919
-0.272828454543808
-0.270869178244626
-0.268907212515905
-0.266942618375176
-0.264975456839972
-0.263005788927824
-0.261033675656263
-0.259059178042822
-0.257082357105032
-0.255103273860424
-0.253121989326531
-0.251138564520884
-0.249153060461015
-0.247165538164455
-0.245176058648737
-0.243184682931391
-0.241191472029950
-0.239196486961946
-0.237199788744909
-0.235201438396372
-0.233201496933867
-0.231200025374924
-0.229197084737077
-0.227192736037856
-0.225187040294793
-0.223180058525420
-0.221171851747268
-0.219162480977870
-0.217152007234757
-0.215140491535461
-0.213127994897512
-0.211114578338444
-0.209100302875788
-0.207085229527075
-0.205069419309838
-0.203052933241607
-0.201035832339914
-0.199018177622292
-0.197000030106272
-0.194981450809386
-0.192962500749165
-0.190943240943141
-0.188923732408845
-0.186904036163811
-0.184884213225568
-0.182864324611649
-0.180844329553586
-0.178823780138913
-0.176802126669165
-0.174778819445877
-0.172753308770583
-0.170725044944818
-0.168693478270117
-0.166658059048014
-0.164618237580044
-0.162573464167742
-0.160523189112642
-0.158466862716279
-0.156403935280189
-0.154333857105904
-0.152256078494961
-0.150170049748893
-0.148075221169237
-0.145971043057525
-0.143856965715293
-0.141732439444076
-0.139596914545408
-0.137449841320825
-0.135290670071859
-0.133118851100048
-0.130933834706924
-0.128735071194023
-0.126522010862879
-0.124294104015028
-0.122050800952003
-0.119791551975340
-0.117515807386573
-0.115223017487237
-0.112912632578867
-0.110584102962997
-0.108236878941161
-0.105870410814896
-0.103484148885734
-0.101077543455212
-0.0986500448248634
-0.0962011032962232
-0.0937301691708260
-0.0912366927502066
-0.0887201243358997
-0.0861799142294399
-0.0836155127323619
-0.0810263701462004
-0.0784119367724902
-0.0757716629127659
-0.0731049988685621
-0.0704113949414136
-0.0676903014328552
-0.0649411686444212
-0.0621634468776468
-0.0593565864340662
-0.0565200376152145
-0.0536532507226261
-0.0507556760578358
-0.0478267639223783
-0.0448659646177883
-0.0418727284456004
-0.0388465057073495
-0.0357867467045700
-0.0326929017387968
-0.0295644211115645
-0.0264007551244078
-0.0232013540788613
-0.0199656682764600
-0.0166931480187382
-0.0133832436072309
-0.0100354053434725
-0.00664908352899796
-0.00322372846534180
0.000241209545961241
0.00374628020337650
0.00729203320536928
0.0108790182504048
0.0145077850369486
0.0181788832634657
0.0218928626284216
0.0256502728302816
0.0294516635675108
0.0332975845385748
0.0371885854419388
0.0411252159760681
0.0451080258394280
0.0491375647304839
0.0532143823477009
0.0573390283895445
0.0615120525544800
0.0657340045409727
0.0700054340474878
0.0743268907724908
0.0786989244144469
0.0831220846718212
0.0875969212430794
0.0921239838266867
0.0967038221211082
0.101336985824809
0.106024024636256
0.110765488253912
0.115561926376244
0.120413888701717
0.125321924928796
0.130286584755947
0.135308417881635
0.140387974004325
0.145525802822482
0.150722454034572
0.155978477339060
0.161294422434411
0.166670839019092
0.172108276791566
0.177607285450299
0.183168414693757
0.188792214220405
0.194479233728709
0.200230022917133
0.206045131484143
0.211925109128204
0.217870505547781
0.223881870441341
0.229959753507347
0.236104704444266
0.242317272950563
0.248598008724702
0.254947461465150
0.261366180870372
0.267854716638833
0.274413618468998
0.281043436059333
0.287744719108303
0.294518017314373
0.301363880376008
0.308282857991674
0.315275499859837
0.322342355678961
0.329483975147512
0.336700907963954
0.343993703826755
0.351362912434378
0.358809083485289
0.366332766677954
0.373934511710837
0.381614868282404
0.389374386091120
0.397213614835451
0.405133104213862
0.413133403924818
0.421215063666785
0.429378633138227
0.437624662037611
0.445953700063401
0.454366296914063
0.462863002288062
0.471444365883864
0.480110937399933
0.488863266534735
0.497701902986735
0.506627396454399
0.515640296636192
0.524741153230580
0.533930515936026
0.543208934450998
0.552576958473960
0.562035137703378
0.571584021837716
0.581224160575440
0.590956103615016
0.600780400654909
0.610697601393584
0.620708255529506
0.630812912761141
0.641012122786953
0.651306435305409
0.661696400014974
0.672182566614113
0.682765484801291
0.693445704274973
0.704223774733626
0.715100245875713
0.726075667399701
0.737150589004055
0.748325560387240
0.759601131247721
0.770977851283964
0.782456270194434
0.794036937677597
0.805720403431917
0.817507217155860
0.829397928547892
0.841393087306477
0.853493243130081
0.865698945717169
0.878010744766206
0.890429189975659
0.902954831043992
0.915588217669670
0.928329899551159
0.941180426386924
0.954140347875429