0
5.17664256599696
10.2481564886602
15.2156224747630
20.0801162499406
24.8427085586896
29.5044651643683
34.0664468491967
38.5297094142562
42.8953036794900
47.1642754837029
51.3376656845613
55.4165101585933
59.4018398011884
63.2946805265979
67.0960532679348
70.8069739771735
74.4284536251501
77.9614982015626
81.4071087149701
84.7662811927935
88.0400066813158
91.2292712456810
94.3350559698950
97.3583369568251
100.300085328201
103.161267224612
105.942843805513
108.645771249215
111.271000752896
113.819478532591
116.292145823201
118.689938878485
121.013788971065
123.264622392426
125.443360452913
127.550919481731
129.588210826951
131.556140855502
133.455610953176
135.287517524627
137.052751993368
138.752200801778
140.386745411095
141.957262301417
143.464622971707
144.909693939789
146.293336742346
147.616407934925
148.879759091934
150.084236806643
151.230682691183
152.319933376546
153.352820512589
154.330170768025
155.252805830434
156.121542406254
156.937192220787
157.700562018195
158.412453561502
159.073663632595
159.684984032220
160.247201579987
160.761098114366
161.227450492690
161.647030591153
162.020605304810
162.348936547578
162.632781252237
162.872891370427
163.070013872649
163.224890748267
163.338259005508
163.410850671457
163.443392792063
163.436607432137
163.391211675349
163.307917624235
163.187432400187
163.030458143464
162.837692013184
162.609826187326
162.347547862731
162.051539255104
161.722477599008
161.361035147870
160.967879173979
160.543671968483
160.089070841394
159.604728121585
159.091291156790
158.549402313606
157.979698977489
157.382813552760
156.759373462600
156.110001149050
155.435314073016
154.735924714262
154.012440571417
153.265464161970
152.495593022271
151.703419707532
150.889531791827
150.054511868093
149.198937548126
148.323381462585
147.428411260990
146.514589611723
145.582474202029
144.632617738012
143.665567944639
142.681867565739
141.682054364002
140.666661120979
139.636215637085
138.591240731594
137.532254242642
136.459769027228
135.374292961212
134.276328939316
133.166374875122
132.044923701075
130.912463368481
129.769476847509
128.616442127188
127.453832215409
126.282115138926
125.101753943352
123.913206693164
122.716926471699
121.513361381157
120.302954542598
119.086144095946
117.863363199984
116.635040032358
115.401597789576
114.163454687007
112.921023958881
111.674713858290
110.424927657189
109.172063646394
107.916515135580
106.658670453288
105.398912946917
104.137620982730
102.875167945849
101.611922240261
100.348247288813
99.0845015332117
97.8210384340286
96.5582064706952
95.2963491415047
94.0358049636124
92.7769074730345
91.5199852246495
90.2653617921972
89.0133557682791
87.7642807643582
86.5184454107594
85.2761533566688
84.0377032701345
82.8033888380661
81.5734987662347
80.3483167792733
79.1281216206761
77.9131870527994
76.7037818568607
75.5001698329395
74.3026097999765
73.1113555957744
71.9266560769974
70.7487551191712
69.5778916166833
68.4142994827826
67.2582076495799
66.1098400680474
64.9694157080190
63.8371485581903
62.7132476261184
61.5979169382219
60.4913555397815
59.3937574949389
58.3053118866979
57.2262028169237
56.1566094063432
55.0967057945448
54.0466611399787
53.0066396199567
51.9768004306519
50.9572977870995
49.9482809231961
48.9498940916998
47.9622765642304
46.9855626312695
46.0198816021601
45.0653578051070
44.1221105871764
43.1902543142963
42.2698983712562
41.3611471617074
40.4641001081626
39.5788516519963
38.7054912534446
37.8441033916050
36.9947675644369
36.1575582887612
35.3325451002605
34.5197925534789
33.7193602218221
32.9313026975576
32.1556695918144
31.3925055345831
30.6418501747160
29.9037381799270
29.1781992367915
28.4652580507468
27.7649343460915
27.0772428659860
26.4021933724523
25.7397906463740
25.0900344874964
24.4529197144263
23.8284361646322
23.2165686944441
22.6172971790538
22.0305965125146
21.4564366077415
20.8947823965111
20.3455938294615
19.8088258760926
19.2844285247659
18.7723467827043
18.2725206759926
17.7848852495771
17.3093705672656
16.8459017117279
16.3943987844950
15.9547769059596
15.5269462153764
15.1108118708611
14.7062740493916
14.3132279468071
13.9315637778085
13.5611667759583
13.2019171936807
12.8536903022614
12.5163563918477
12.1897807714488
11.8738237689352
11.5683407310392
11.2731820233546
10.9881930303369
10.7132141553032
10.4480808204324
10.1926234667646
9.94666755420192
9.71003356150793
9.48253698630783
9.26398834508847
9.05419317319830
8.85295202484740
8.66006047310747
8.47530910991183
8.29848354605543
8.12936441119482
7.96772735384820
7.81334304139536
7.66597716007774
7.52539041499839
7.39133853012197
7.26357224827477
7.14183733114470
7.02587455928131
6.91541973209574
6.81020366786077
6.70995220371079
6.61438619564183
6.52322151851151
6.43616906603912
6.35293475080551
6.27321950425320
6.19671927668631
6.12312503727059
6.05212277403340
5.98339349386373
5.91661322251218
5.85145300459099
5.78757890357401
5.72465200179671
5.66232840045618
5.60025923222735
5.53816320589892
5.47599906056218
5.41377613205646
5.35150381475218
5.28919156155086
5.22684888388514
5.16448535171876
5.10211059354655
5.03973429639447
4.97736620581957
4.91501612591001
4.85269391928504
4.79040950709502
4.72817286902143
4.66599404327685
4.60388312660495
4.54185027428052
4.47990570010944
4.41805967642870
4.35632253410641
4.29470466254176
4.23321650966506
4.17186858193773
4.11067144435227
4.04963572043230
3.98877209223256
3.92809130033887
3.86760414386817
3.80732148046849
3.74725422631897
3.68741335612987
3.62780990314253
3.56845495912941
3.50935967439407
3.45053525777119
3.39199297662652
3.33374415685694
3.27580018289044
3.21817249768610
3.16087260273409
3.10391205805573
3.04730248220341
2.99105555226062
2.93518300384197
2.87969663109319
2.82460828669107
2.76992988184355
2.71567338628965
2.66185082829949
2.60847429467432
2.55555593074646
2.50310794037938
2.45114258596760
2.39967218843679
2.34870912724369
2.29826584037619
2.24835482435323
2.19898863422489
2.15017988357235
2.10193969814099
2.05427053176026
2.00717173059833
1.96064254457085
1.91468213047472
1.86928955198806
1.82446377967021
1.78020369096172
1.73650807018437
1.69337560854118
1.65080490411636
1.60879446187537
1.56734269366487
1.52644791821275
1.48610836112812
1.44632215490133
1.40708733890392
1.36840185938868
1.33026356948961
1.29267022922192
1.25561950548207
1.21910897204772
1.18313610957776
1.14769830561230
1.11279285457267
1.07841695776143
1.04456772336234
1.01124216644042
0.978437208941871
0.946149679694146
0.914376314405906
0.883113755667036
0.852358552948643
0.822107162603057
0.792355947863831
0.763101178845735
0.734339032544767
0.706065592838143
0.678276850484301
0.650968703122904
0.624136955274834
0.597777318342195
0.571885410608315
0.546456757237742
0.521486790276246
0.496970848650820
0.472904178169679
0.449281931522258
0.426099168279216
0.403350854892433
0.381031864695011
0.359136977901274
0.337660881606768
0.316598169788261
0.295943343303742
0.275690809892423
0.255834884174738
0.236369787652342
0.217289648708112
0.198588690681614
0.180262887048817
0.162309180896845
0.144724463975544
0.127505564985337
0.110649249577223
0.0941522203527728
0.0780111168641348
0.0622225156140311
0.0467829300557587
0.0316888105931901
0.0169365445807720
0.00252245632352668
-0.0115571929229491
-0.0253062049524836
-0.0387284446083298
-0.0518278397831663
-0.0646083814190965
-0.0770741235076487
-0.0892291830897767
-0.101077740255859
-0.112624038145699
-0.123872382948527
-0.134827143902995
-0.145492753297183
-0.155873706468595
-0.165974561804160
-0.175799940740232
-0.185354527762591
-0.194643070406441
-0.203670379256411
-0.212441327946556
-0.220960853160355
-0.229233954630714
-0.237265695139962
-0.245061200519855
-0.252625659651571
-0.259964324465716
-0.267082509942320
-0.273985594110838
-0.280679018050151
-0.287168285888563
-0.293458964803807
-0.299556685023036
-0.305467139822831
-0.311196085529199
-0.316749341517569
-0.322132790212799
-0.327352377089168
-0.332414110670382
-0.337324062529574
-0.342088367289298
-0.346713222621537
-0.351204889247696
-0.355569690938607
-0.359814014514526
-0.363944309845136
-0.367967089849542
-0.371888930496276
-0.375716292399940
-0.379452330696540
-0.383097228212773
-0.386651069742361
-0.390113946417747
-0.393485955710094
-0.396767201429289
-0.399957793723936
-0.403057849081363
-0.406067490327618
-0.408986846627469
-0.411816053484406
-0.414555252740640
-0.417204592577104
-0.419764227513449
-0.422234318408050
-0.424615032458001
-0.426906543199118
-0.429109030505938
-0.431222680591718
-0.433247686008438
-0.435184245646797
-0.437032564736215
-0.438792854844835
-0.440465333879519
-0.442050226085850
-0.443547762048133
-0.444958178689394
-0.446281719271380
-0.447518633394557
-0.448669176998115
-0.449733612359962
-0.450712208096730
-0.451605239163770
-0.452412986855154
-0.453135738803676
-0.453773788980850
-0.454327437696912
-0.454796991600818
-0.455182763680246
-0.455485073261593
-0.455704246009980
-0.455840613929246
-0.455894515361952
-0.455866294989382
-0.455756303831538
-0.455564899247145
-0.455292444933648
-0.454939310927213
-0.454505873602727
-0.453992515673798
-0.453399626192757
-0.452727600550652
-0.451976840477255
-0.451147754041058
-0.450240755649275
-0.449256266047839
-0.448194712321405
-0.447056527893349
-0.445842159753869
-0.444552393970527
-0.443188490743534
-0.441751757329379
-0.440243513677507
-0.438665092430316
-0.437017838923163
-0.435303111184355
-0.433522279935158
-0.431676728589791
-0.429767853255428
-0.427797062732198
-0.425765778513186
-0.423675434784430
-0.421527478424926
-0.419323369006621
-0.417064578794421
-0.414752592746183
-0.412388908512722
-0.409975036437806
-0.407512499558160
-0.405002833603462
-0.402447586996346
-0.399848320852400
-0.397206608980168
-0.394524037881149
-0.391802206749796
-0.389042727473518
-0.386247224632677
-0.383417335500593
-0.380554710043539
-0.377661010920742
-0.374737913484386
-0.371787105779610
-0.368810288544506
-0.365809175210122
-0.362785491900461
-0.359740977432482
-0.356677383316096
-0.353596473754173
-0.350500025642535
-0.347389828569959
-0.344267684818178
-0.341135409361880
-0.337994829868708
-0.334847786699258
-0.331696132907085
-0.328541734238693
-0.325386469133548
-0.322232228724065
-0.319080916835617
-0.315934449986531
-0.312794757388089
-0.309663780944529
-0.306543475253043
-0.303435807603777
-0.300342757979834
-0.297266319057270
-0.294208496205098
-0.291171304774491
-0.288156205705442
-0.285163405546244
-0.282192940501569
-0.279244845834726
-0.276319155867662
-0.273415903980961
-0.270535122613846
-0.267676843264178
-0.264841096488456
-0.262027911901816
-0.259237318178034
-0.256469343049523
-0.253724013307332
-0.251001354801151
-0.248301392439306
-0.245624150188761
-0.242969651075121
-0.240337917182624
-0.237728969654151
-0.235142828691216
-0.232579513553976
-0.230039042561222
-0.227521433090385
-0.225026701577533
-0.222554863517373
-0.220105933463249
-0.217679925027145
-0.215276850879679
-0.212896722750110
-0.210539551426336
-0.208205346754889
-0.205894117640944
-0.203605872048309
-0.201340616999432
-0.199098358575402
-0.196879101915940
-0.194682851219411
-0.192509609742813
-0.190359379801786
-0.188232162770604
-0.186127959082183
-0.184046768228075
-0.181988588758469
-0.179953418282193
-0.177941253466714
-0.175952090038136
-0.173985922781200
-0.172042745539287
-0.170122551214414
-0.168225331767238
-0.166351078217052
-0.164499780641788
-0.162671428178016
-0.160866009020944
-0.159083510424418
-0.157323918700922
-0.155587219221577
-0.153873396416142
-0.152182433772730
-0.150514301715289
-0.148868925206026
-0.147246217733070
-0.145646091430485
-0.144068457078274
-0.142513224102377
-0.140980300574672
-0.139469593212973
-0.137981007381033
-0.136514447088541
-0.135069814991124
-0.133647012390346
-0.132245939233708
-0.130866494114650
-0.129508574272548
-0.128172075592715
-0.126856892606403
-0.125562918490799
-0.124290045069030
-0.123038162810159
-0.121807160829185
-0.120596926887048
-0.119407347390621
-0.118238307392718
-0.117089690592088
-0.115961379333418
-0.114853254607333
-0.113765196050395
-0.112697081945104
-0.111648789219895
-0.110620193449143
-0.109611168853160
-0.108621588298193
-0.107651323296429
-0.106700244005992
-0.105768219230941
-0.104855116421276
-0.103960801672932
-0.103085139727781
-0.102227993973635
-0.101389226444239
-0.100568697819280
-0.0997662674243795
-0.0989817932310972
-0.0982151318569302
-0.0974661385653127
-0.0967346672656165
-0.0960205705131507
-0.0953236995091616
-0.0946439041008331
-0.0939810327812863
-0.0933349326895796
-0.0927054496107089
-0.0920924279756075
-0.0914957108611459
-0.0909151399901320
-0.0903505557313111
-0.0898017970993659
-0.0892687017549162
-0.0887511058031556
-0.0882488427528953
-0.0877617442781824
-0.0872896406872362
-0.0868323609233602
-0.0863897325649419
-0.0859615818254531
-0.0855477335534494
-0.0851480112325707
-0.0847622369815410
-0.0843902315541683
-0.0840318143393449
-0.0836868033610470
-0.0833550152783349
-0.0830362653853531
-0.0827303676113303
-0.0824371345205791
-0.0821563773124962
-0.0818879058215626
-0.0816315285173433
-0.0813870525044873
-0.0811542835227278
-0.0809330259468821
-0.0807230827868516
-0.0805242556876218
-0.0803363449292624
-0.0801591494269269
-0.0799924667308532
-0.0798360930263633
-0.0796898231338630
-0.0795534505088426
-0.0794267672418762
-0.0793095640586222
-0.0792016303198229
-0.0791027540213049
-0.0790127217939788
-0.0789313189038393
-0.0788583292519653
-0.0787935353745196
-0.0787367184427493
-0.0786876582629855
-0.0786461332766435
-0.0786119205602226
-0.0785847958253061
-0.0785645334185618
-0.0785509063217411
-0.0785436861516800
-0.0785426431602980
-0.0785475462345994
-0.0785581628966719
-0.0785742593036880
-0.0785956002479037
-0.0786219491566594
-0.0786530680923797
-0.0786887177525730
-0.0787286574698320
-0.0787726452118335
-0.0788204375813383
-0.0788717898161914
-0.0789264595553611
-0.0789842439347123
-0.0790449639849262
-0.0791084400963374
-0.0791744916602029
-0.0792429370687018
-0.0793135937149351
-0.0793862779929263
-0.0794608052976209
-0.0795369900248864
-0.0796146455715125
-0.0796935843352114
-0.0797736177146168
-0.0798545561092850
-0.0799362089196944
-0.0800183845472454
-0.0801008903942606
-0.0801835328639848
-0.0802661173605849
-0.0803484482891498
-0.0804303290556908
-0.0805115620671411
-0.0805919487313562
-0.0806712894571138
-0.0807493836541135
-0.0808260297329773
-0.0809010251052491
-0.0809741661833951
-0.0810452483808036
-0.0811140661117851
-0.0811804127915722
-0.0812440808363195
-0.0813048616631039
-0.0813625456899245
-0.0814169223357024
-0.0814677800202809
-0.0815149061644254
-0.0815580871898235
-0.0815971085190850
-0.0816317545757416
-0.0816618087842473
-0.0816870535699784
-0.0817072703592331
-0.0817222395792319
-0.0817317406581172
-0.0817355520249538
-0.0817334511097285
-0.0817252143433504
-0.0817106171576505
-0.0816894339853822
-0.0816614382602208
-0.0816264024167639
-0.0815840978905313
-0.0815342951179646
-0.0814767635364280
-0.0814112715842075
-0.0813375867005114
-0.0812554753254701
-0.0811647029001361
-0.0810650398622983
-0.0809563846132536
-0.0808387594131608
-0.0807121918189551
-0.0805767096701217
-0.0804323410886958
-0.0802791144792625
-0.0801170585289569
-0.0799462022074639
-0.0797665747670186
-0.0795782057424058
-0.0793811249509605
-0.0791753624925675
-0.0789609487496616
-0.0787379143872276
-0.0785062903528001
-0.0782661078764637
-0.0780173984708533
-0.0777601939311532
-0.0774945263350980
-0.0772204280429723
-0.0769379316976104
-0.0766470702243967
-0.0763478768312656
-0.0760403850087014
-0.0757246285297384
-0.0754006414499607
-0.0750684581075026
-0.0747281131230481
-0.0743796413998314
-0.0740230781236365
-0.0736584587627974
-0.0732858190681980
-0.0729051950732722
-0.0725166230940039
-0.0721201397289269
-0.0717157818591249
-0.0713035866482318
-0.0708835915424312
-0.0704558342704566
-0.0700203528435918
-0.0695771855556702
-0.0691263709830754
-0.0686679479847408
-0.0682019557021498
-0.0677284335593358
-0.0672474212628822
-0.0667589588019221
-0.0662630864481388
-0.0657598447557656
-0.0652492745615856
-0.0647314169849318
-0.0642063134276873
-0.0636740055742852
-0.0631345353917084
-0.0625879451294898
-0.0620342773197123
-0.0614735747770088
-0.0609058805985620
-0.0603312391350268
-0.0597497494092886
-0.0591615931791421
-0.0585669599364490
-0.0579660401092075
-0.0573590250615526
-0.0567461070937559
-0.0561274794422256
-0.0555033362795066
-0.0548738727142805
-0.0542392847913656
-0.0535997694917166
-0.0529555247324252
-0.0523067493667196
-0.0516536431839646
-0.0509964069096617
-0.0503352422054492
-0.0496703516691018
-0.0490019388345310
-0.0483302081717851
-0.0476553650870487
-0.0469776159226435
-0.0462971679570275
-0.0456142294047955
-0.0449290094166789
-0.0442417180795459
-0.0435525664164013
-0.0428617663863864
-0.0421695308847793
-0.0414760737429948
-0.0407816097285843
-0.0400863545452358
-0.0393905248327741
-0.0386943381671604
-0.0379980130604930
-0.0373017689610064
-0.0366058262530720
-0.0359104062571978
-0.0352157312300285
-0.0345220243643454
-0.0338295097890665
-0.0331384125692464
-0.0324489587060765
-0.0317613751368846
-0.0310758897351355
-0.0303927313104304
-0.0297121296085073
-0.0290343153112406
-0.0283595200366418
-0.0276879763388586
-0.0270199177081758
-0.0263555785710144
-0.0256951942899324
-0.0250390011636244
-0.0243872364269215
-0.0237401382507916
-0.0230979457423393
-0.0224608989448057
-0.0218292388375686
-0.0212032072567643
-0.0205830220012759
-0.0199688412701872
-0.0193608148767123
-0.0187590931695297
-0.0181638270327823
-0.0175751678860775
-0.0169932676844870
-0.0164182789185473
-0.0158503546142589
-0.0152896483330871
-0.0147363141719615
-0.0141905067632763
-0.0136523812748899
-0.0131220934101253
-0.0125997994077701
-0.0120856560420761
-0.0115798206227596
-0.0110824509950014
-0.0105937055394470
-0.0101137431722058
-0.00964272334485216
-0.00918080604442466
-0.00872815179342635
-0.00828492164982478
-0.00785127720705192
-0.00742738059400420
-0.00701339447504252
-0.00660948204999221
-0.00621580705414306
-0.00583253375824932
-0.00545982696852968
-0.00509785202666731
-0.00474677480980980
-0.00440676173056921
-0.00407797973702206
-0.00376059631270930
-0.00345477947663635
-0.00316069778327309
-0.00287852032255384
-0.00260841671987736
-0.00235055713610691
-0.00210511226757014
-0.00187225334605921
-0.00165215213883070
-0.00144498094860564
-0.00125091261356954
-0.00107012050737235
-0.000902778539128463
-0.000749061153416733
-0.000609143330280469
-0.000483200585227430
-0.000371408969229832
-0.000273945068724338
-0.000190986005612070
-0.000122709437258599
-6.92935564939509e-05
-3.09170916126055e-05
-7.75930637349303e-06
0