-0.414064234385922
-0.422758273719105
-0.431452219182445
-0.440145976689383
-0.448839452153361
-0.457532551487821
-0.466225180606204
-0.474917245421954
-0.483608651848510
-0.492299305799316
-0.500989113187812
-0.509677979927442
-0.518365811931646
-0.527052515113867
-0.535737995387546
-0.544422158666125
-0.553104910863046
-0.561786157891751
-0.570465805665682
-0.579143760098280
-0.587819927102988
-0.596494212593246
-0.605166522482498
-0.613836762684184
-0.622504839111747
-0.631170657678629
-0.639834124298270
-0.648495144884114
-0.657153625349602
-0.665809471608176
-0.674462589573277
-0.683112885158348
-0.691760264276830
-0.700404632842165
-0.709045896767795
-0.717683961967162
-0.726318734353707
-0.734950119840873
-0.743578024342101
-0.752202353770833
-0.760823014040511
-0.769439911064577
-0.778052950756472
-0.786662039029639
-0.795267081797519
-0.803867984973553
-0.812464654471185
-0.821056996203856
-0.829644916085007
-0.838228320028081
-0.846807113946518
-0.855381203753762
-0.863950495363254
-0.872514894688435
-0.881074307642748
-0.889628640139634
-0.898177798092536
-0.906721687414894
-0.915260214020151
-0.923793283821749
-0.932320802733130
-0.940842676667734
-0.949358811539005
-0.957869113260384
-0.966373487745313
-0.974871840907233
-0.983364078659587
-0.991850106915816
-1.00032983158936
-1.00880315859367
-1.01726999384217
-1.02573024324832
-1.03418381272556
-1.04263060818732
-1.05107053554704
-1.05950350071818
-1.06792940961417
-1.07634816814845
-1.08475968223447
-1.09316385778567
-1.10156060071548
-1.10994981693736
-1.11833141236474
-1.12670529291106
-1.13507136448977
-1.14342953301431
-1.15177970439811
-1.16012178455463
-1.16845567939731
-1.17678129483958
-1.18509853679488
-1.19340731117667
-1.20170752389838
-1.20999908087345
-1.21828188801532
-1.22655585123744
-1.23482087645325
-1.24307686957619
-1.25132373651970
-1.25956138319723
-1.26778971552221
-1.27600863940809
-1.28421806076831
-1.29241788551630
-1.30060801956553
-1.30878836882941
-1.31695883922141
-1.32511933665495
-1.33326976704348
-1.34141003630045
-1.34954005033929
-1.35765971507344
-1.36576893641635
-1.37386762028146
-1.38195567258222
-1.39003299923205
-1.39809950614441
-1.40615509923274
-1.41419968441048
-1.42223316759107
-1.43025545468795
-1.43826645161456
-1.44626606428435
-1.45425419861076
-1.46223076050722
-1.47019565588719
-1.47814879066410
-1.48609007075140
-1.49401940206252
-1.50193669051091
-1.50984184201002
-1.51773476247327
-1.52561535781412
-1.53348353394601
-1.54133919678237
-1.54918225223666
-1.55701260622230
-1.56483016465275
-1.57263483344144
-1.58042651850182
-1.58820512574733
-1.59597056109141
-1.60372273044750
-1.61146153972905
-1.61918689484950
-1.62689870172228
-1.63459686626084
-1.64228129437862
-1.64995189198907
-1.65760856500562
-1.66525121934172
-1.67287976091081
-1.68049409562633
-1.68809412940172
-1.69567976815042
-1.70325091778589
-1.71080748422155
-1.71834937337085
-1.72587649114723
-1.73338874346414
-1.74088603623501
-1.74836827537329
-1.75583536679241
-1.76328721640583
-1.77072373012699
-1.77814481386931
-1.78555037354625
-1.79294031507126
-1.80031454435776
-1.80767296731920
-1.81501548986903
-1.82234201792068
-1.82965245738760
-1.83694671418323
-1.84422469422101
-1.85148630341438
-1.85873144767679
-1.86596003292168
-1.87317196506248
-1.88036715001264
-1.88754549368561
-1.89470690199482
-1.90185128085371
-1.90897853617574
-1.91608857387433
-1.92318129986293
-1.93025662005499
-1.93731444036394
-1.94435466670323
-1.95137720498630
-1.95838196112658
-1.96536884103753
-1.97233775063259
-1.97928859582518
-1.98622128252877
-1.99313571665679
-2.00003180412268
-2.00690945083988
-2.01376856272183
-2.02060904568199
-2.02743080563378
-2.03423375762103
-2.04101785320909
-2.04778305309370
-2.05452931797056
-2.06125660853543
-2.06796488548402
-2.07465410951207
-2.08132424131529
-2.08797524158944
-2.09460707103022
-2.10121969033337
-2.10781306019463
-2.11438714130971
-2.12094189437435
-2.12747728008427
-2.13399325913521
-2.14048979222290
-2.14696684004306
-2.15342436329142
-2.15986232266371
-2.16628067885567
-2.17267939256301
-2.17905842448147
-2.18541773530678
-2.19175728573467
-2.19807703646086
-2.20437694818109
-2.21065698159108
-2.21691709738656
-2.22315725626326
-2.22937741891692
-2.23557754604325
-2.24175759833800
-2.24791753649688
-2.25405732121562
-2.26017691318997
-2.26627627311563
-2.27235536168835
-2.27841413960386
-2.28445256755787
-2.29047060624613
-2.29646821636435
-2.30244535860828
-2.30840199367363
-2.31433808225614
-2.32025358505153
-2.32614846275554
-2.33202267606389
-2.33787618567232
-2.34370895227654
-2.34952093657230
-2.35531209925531
-2.36108240102132
-2.36683180256604
-2.37256026458521
-2.37826774777456
-2.38395421282981
-2.38961962044669
-2.39526393132094
-2.40088710614827
-2.40648910562443
-2.41206989044514
-2.41762942130613
-2.42316765890312
-2.42868456393185
-2.43418009708805
-2.43965421906744
-2.44510689056576
-2.45053807227872
-2.45594772490207
-2.46133580913153
-2.46670228566283
-2.47204711519170
-2.47737025841387
-2.48267167602506
-2.48795132872101
-2.49320917719744
-2.49844518215009
-2.50365930427468
-2.50885150426694
-2.51402174282260
-2.51916998063739
-2.52429617840704
-2.52940029682728
-2.53448229659384
-2.53954213840244
-2.54457978294881
-2.54959519092869
-2.55458832303780
-2.55955913997187
-2.56450760242664
-2.56943367109782
-2.57433730668116
-2.57921846987237
-2.58407712136718
-2.58891322186134
-2.59372673205055
-2.59851761263056
-2.60328582429710
-2.60803132774588
-2.61275408367265
-2.61745405277313
-2.62213119574304
-2.62678547327813
-2.63141684607410
-2.63602527482671
-2.64061072023167
-2.64517314298471
-2.64971250378157
-2.65422876331797
-2.65872188228964
-2.66319182139231
-2.66763854132171
-2.67206200277356
-2.67646216644360
-2.68083899302756
-2.68519244322116
-2.68952247772014
-2.69382905722022
-2.69811214241713
-2.70237169400660
-2.70660767268437
-2.71082003914615
-2.71500875408768
-2.71917377820468
-2.72331507219289
-2.72743259674804
-2.73152631256585
-2.73559618034205
-2.73964216077237
-2.74366421455255
-2.74766230237831
-2.75163638494537
-2.75558642294947
-2.75951237708634
-2.76341420805170
-2.76729187654129
-2.77114534325084
-2.77497456887606
-2.77877951411270
-2.78256013965648
-2.78631640620313
-2.79004827444837
-2.79375570508795
-2.79743865881758
-2.80109709633300
-2.80473097832993
-2.80834026550411
-2.81192491855126
-2.81548489816711
-2.81902016504739
-2.82253067988784
-2.82601640338417
-2.82947729623212
-2.83291331912741
-2.83632443276578
-2.83971059784296
-2.84307177505467
-2.84640792509664
-2.84971900866461
-2.85300498645429
-2.85626581916143
-2.85950146748175
-2.86271189211097
-2.86589705374483
-2.86905691307905
-2.87219143080938
-2.87530056763152
-2.87838428424122
-2.88144254133420
-2.88447529960619
-2.88748251975292
-2.89046416247012
-2.89342018845351
-2.89635055839884
-2.89925523300182
-2.90213417295818
-2.90498733896366
-2.90781469171398
-2.91061619190488
-2.91339180023207
-2.91614147739130
-2.91886518407828
-2.92156288098875
-2.92423452881844
-2.92688008826307
-2.92949952001838
-2.93209278478010
-2.93465984324394
-2.93720065610565
-2.93971518406095
-2.94220338780557
-2.94466522803524
-2.94710066544569
-2.94950966073264
-2.95189217459183
-2.95424816771898
-2.95657760080983
-2.95888043456010
-2.96115662966552
-2.96340617562183
-2.96562917712477
-2.96782576767010
-2.96999608075357
-2.97214024987093
-2.97425840851793
-2.97635069019034
-2.97841722838389
-2.98045815659435
-2.98247360831746
-2.98446371704898
-2.98642861628466
-2.98836843952025
-2.99028332025152
-2.99217339197420
-2.99403878818406
-2.99587964237684
-2.99769608804830
-2.99948825869418
-3.00125628781026
-3.00300030889227
-3.00472045543597
-3.00641686093711
-3.00808965889144
-3.00973898279472
-3.01136496614271
-3.01296774243114
-3.01454744515578
-3.01610420781238
-3.01763816389669
-3.01914944690447
-3.02063819033146
-3.02210452767342
-3.02354859242611
-3.02497051808527
-3.02637043814665
-3.02774848610602
-3.02910479545912
-3.03043949970171
-3.03175273232954
-3.03304462683835
-3.03431531672392
-3.03556493548198
-3.03679361660829
-3.03800149359860
-3.03918869994867
-3.04035536915424
-3.04150163471108
-3.04262763011493
-3.04373348886155
-3.04481934444669
-3.04588533036610
-3.04693158011553
-3.04795822719074
-3.04896540508749
-3.04995324730151
-3.05092188732858
-3.05187145866443
-3.05280209480482
-3.05371392924550
-3.05460709548224
-3.05548172701077
-3.05633795732686
-3.05717591992625
-3.05799574830470
-3.05879757595796
-3.05958153638179
-3.06034776307193
-3.06109638952414
-3.06182754923417
-3.06254137569778
-3.06323800241071
-3.06391756286873
-3.06458019056757
-3.06522601900301
-3.06585518167078
-3.06646781206664
-3.06706404368635
-3.06764401002566
-3.06820784458031
-3.06875568084607
-3.06928765231868
-3.06980389249390
-3.07030453486748
-3.07078971293518
-3.07125956019274
-3.07171421013592
-3.07215379626047
-3.07257845206215
-3.07298831103670
-3.07338350667988
-3.07376417248745
-3.07413044195515
-3.07448244857874
-3.07482032585398
-3.07514420727660
-3.07545422634237
-3.07575051654705
-3.07603321138637
-3.07630244435610
-3.07655834895199
-3.07680105866979
-3.07703070700525
-3.07724742745413
-3.07745135351217
-3.07764261867514
-3.07782135643878
-3.07798770029885
-3.07814178375110
-3.07828374029129
-3.07841370341515
-3.07853180661846
-3.07863818339696
-3.07873296724640
-3.07881629166254
-3.07888829014112
-3.07894909617791
-3.07899884326866
-3.07903766490911
-3.07906569459502
-3.07908306582215
-3.07908991208624
-3.07908636688305
-3.07907256370833
-3.07904863605783
-3.07901471742732
-3.07897094131253
-3.07891744120922
-3.07885435061316
-3.07878180302007
-3.07869993192573
-3.07860887082589
-3.07850875321629
-3.07839971259269
-3.07828188245084
-3.07815539628649
-3.07802038759540
-3.07787698987333
-3.07772533661601
-3.07756556131922
-3.07739779747869
-3.07722217859018
-3.07703883814944
-3.07684790965224
-3.07664952659431
-3.07644382247141
-3.07623093077930
-3.07601098501373
-3.07578411867045
-3.07555046524521
-3.07531015823377
-3.07506333113188
-3.07481011743529
-3.07455065063975
-3.07428506424102
-3.07401349173485
-3.07373606661700
-3.07345292238321
-3.07316419252923
-3.07287001055083
-3.07257050994376
-3.07226582420376
-3.07195608682658
-3.07164143130800
-3.07132199114374
-3.07099789982958
-3.07066929086125
-3.07033629773452
-3.06999905394513
-3.06965769298885
-3.06931234836141
-3.06896315355858
-3.06861024207610
-3.06825374740974
-3.06789380305524
-3.06753054250835
-3.06716409926483
-3.06679460682044
-3.06642219867091
-3.06604700831202
-3.06566916923950
-3.06528881494912
-3.06490607893661
-3.06452109469775
-3.06413399572828
-3.06374491552395
-3.06335398758052
-3.06296134539373
-3.06256712245935
-3.06217145227312
-3.06177446833080
-3.06137630412813
-3.06097709316088
-3.06057696892480
-3.06017606491563
-3.05977451462914
-3.05937245156107
-3.05897000920717
-3.05856732106320
-3.05816452062492
-3.05776170848543
-3.05735885362728
-3.05695589213037
-3.05655276007462
-3.05614939353993
-3.05574572860621
-3.05534170135336
-3.05493724786129
-3.05453230420990
-3.05412680647910
-3.05372069074881
-3.05331389309891
-3.05290634960933
-3.05249799635996
-3.05208876943072
-3.05167860490150
-3.05126743885222
-3.05085520736279
-3.05044184651310
-3.05002729238306
-3.04961148105259
-3.04919434860158
-3.04877583110995
-3.04835586465759
-3.04793438532443
-3.04751132919035
-3.04708663233527
-3.04666023083910
-3.04623206078174
-3.04580205824310
-3.04537015930308
-3.04493630004159
-3.04450041653854
-3.04406244487383
-3.04362232112736
-3.04317998137906
-3.04273536170882
-3.04228839819654
-3.04183902692214
-3.04138718396552
-3.04093280540658
-3.04047582732524
-3.04001618580140
-3.03955381691496
-3.03908865674584
-3.03862064137394
-3.03814970687916
-3.03767578934141
-3.03719882484060
-3.03671874945663
-3.03623549926941
-3.03574901035885
-3.03525921880485
-3.03476606068732
-3.03426947208616
-3.03376938908129
-3.03326574775260
-3.03275848418001
-3.03224753444342
-3.03173283462273
-3.03121432079786
-3.03069192904871
-3.03016559545518
-3.02963525609719
-3.02910084705463
-3.02856230440742
-3.02801956423546
-3.02747256261865
-3.02692123563691
-3.02636551937014
-3.02580534989825
-3.02524066330113
-3.02467139565871
-3.02409748305088
-3.02351886155756
-3.02293546725864
-3.02234723623403
-3.02175410456364
-3.02115600832739
-3.02055288360516
-3.01994466647687
-3.01933129302243
-3.01871269932174
-3.01808882145471
-3.01745959550124
-3.01682495754125
-3.01618484365463
-3.01553918992129
-3.01488793242114
-3.01423100723409
-3.01356835044004
-3.01289989811890
-3.01222558635058
-3.01154535121497
-3.01085912879200
-3.01016685516155
-3.00946846640355
-3.00876389859790
-3.00805308782449
-3.00733597016325
-3.00661248169407
-3.00588255849686
-3.00514613665153
-3.00440315223798
-3.00365354133613
-3.00289724002587
-3.00213418438711
-3.00136431049977
-3.00058755444374
-2.99980385229893
-2.99901314014525
-2.99821535406260
-2.99741043013090
-2.99659830443004
-2.99577891303994
-2.99495219204049
-2.99411807751162
-2.99327650553321
-2.99242741218519
-2.99157073354745
-2.99070640569990
-2.98983436472244
-2.98895454669500
-2.98806688769746
-2.98717132380974
-2.98626779111174
-2.98535622568337
-2.98443656360454
-2.98350874095514
-2.98257269381510
-2.98162835826431
-2.98067567038268
-2.97971456625012
-2.97874498194654
-2.97776685355183
-2.97678011714591
-2.97578470880868
-2.97478056462005
-2.97376762065992
-2.97274581300820
-2.97171507774481
-2.97067535094963
-2.96962656870259
-2.96856866708358
-2.96750158217252
-2.96642525004930
-2.96533960679384
-2.96424458848605
-2.96314013120582
-2.96202617103306
-2.96090264404768
-2.95976948632960
-2.95862663395870
-2.95747402301491
-2.95631158957812
-2.95513926972824
-2.95395699954518
-2.95276471510884
-2.95156235249914
-2.95034984779597
-2.94912713707925
-2.94789415642888
-2.94665084192476
-2.94539712964681
-2.94413295567492
-2.94285825608901
-2.94157296696899
-2.94027702439475
-2.93897036444620
-2.93765292320325
-2.93632463674582
-2.93498544115379
-2.93363527250708
-2.93227406688560
-2.93090176036925
-2.92951828903794
-2.92812358897157
-2.92671759625006
-2.92530024695330
-2.92387147716121
-2.92243122295368
-2.92097942041063
-2.91951600561197
-2.91804091463759
-2.91655408356740
-2.91505544848132
-2.91354494545925
-2.91202251058109
-2.91048807992675
-2.90894158957614
-2.90738297560916
-2.90581217410571
-2.90422912114572
-2.90263375280907
-2.90102600517569
-2.89940581432547
-2.89777311633831
-2.89612784729414
-2.89446994327285
-2.89279934035435
-2.89111591686829
-2.88941932014332
-2.88770913975783
-2.88598496529021
-2.88424638631886
-2.88249299242216
-2.88072437317850
-2.87894011816629
-2.87713981696391
-2.87532305914975
-2.87348943430220
-2.87163853199966
-2.86976994182052
-2.86788325334317
-2.86597805614600
-2.86405393980741
-2.86211049390578
-2.86014730801951
-2.85816397172699
-2.85616007460661
-2.85413520623677
-2.85208895619585
-2.85002091406224
-2.84793066941435
-2.84581781183056
-2.84368193088926
-2.84152261616884
-2.83933945724770
-2.83713204370423
-2.83489996511682
-2.83264281106386
-2.83036017112375
-2.82805163487487
-2.82571679189562
-2.82335523176439
-2.82096654405957
-2.81855031835955
-2.81610614424273
-2.81363361128750
-2.81113230907225
-2.80860182717536
-2.80604175517524
-2.80345168265028
-2.80083119917886
-2.79817989433938
-2.79549735771023
-2.79278317886980
-2.79003694739648
-2.78725825286868
-2.78444668486477
-2.78160183296315
-2.77872328674221
-2.77581063578034
-2.77286346965594
-2.76988137794740
-2.76686395023310
-2.76381077609145
-2.76072144510083
-2.75759554683964
-2.75443267088626
-2.75123240681909
-2.74799434421652
-2.74471807265694
-2.74140318171875
-2.73804926098033
-2.73465590002008
-2.73122268841639
-2.72774921574765
-2.72423507159225
-2.72067984552859
-2.71708312713506
-2.71344450599005
-2.70976357167195
-2.70603991375915
-2.70227312183004
-2.69846278546302
-2.69460849423648
-2.69070983772882
-2.68676640551841
-2.68277778718366
-2.67874357230295
-2.67466335045468
-2.67053671121724
-2.66636324416902
-2.66214253888842
-2.65787418495382
-2.65355777194362
-2.64919288943620
-2.64477912700997
-2.64031607424331
-2.63580332071462
-2.63124045600228
-2.62662706968469
-2.62196275134025
-2.61724709054733
-2.61247967688434
-2.60766009992966
-2.60278794926169
-2.59786281445883
-2.59288428509945
-2.58785195076196
-2.58276540102474
-2.57762422546619
-2.57242801366469
-2.56717635519865
-2.56186883964646
-2.55650505658649
-2.55108459559716
-2.54560704625684
-2.54007199814393
-2.53447904083683
-2.52882776391392
-2.52311775695359
-2.51734860953425
-2.51151991123427
-2.50563125163205
-2.49968222030599
-2.49367240683447
-2.48760140079590
-2.48146879176865
-2.47527416933112
-2.46901712306170
-2.46269724253879
-2.45631411734077
-2.44986733704605
-2.44335649123300
-2.43678116948003
-2.43014096136552
-2.42343545646787
-2.41666424436546
-2.40982691463669
-2.40292305685996
-2.39595226061365
-2.38891411547616
-2.38180821102587
-2.37463413684118
-2.36739148250048
-2.36007983758217
-2.35269879166463
-2.34524793432625
-2.33772685514544
-2.33013514370058
-2.32247238957005
-2.31473818233227
-2.30693211156560
-2.29905376684846
-2.29110273775923
-2.28307861387630
-2.27498098477806
-2.26680944004290
-2.25856356924923
-2.25024296197542
-2.24184720779987
-2.23337589630098
-2.22482861705713
-2.21620495964672
-2.20750451364814
-2.19872686863978
-2.18987161420003
-2.18093833990728
-2.17192663533993
-2.16283609007637
-2.15366629369499
-2.14441683577418
-2.13508730589233
-2.12567729362784
-2.11618638855910
-2.10661418026449
-2.09696025832242
-2.08722421231127
-2.07740563180944
-2.06750410639531
-2.05751922564728
-2.04745057914374
-2.03729775646308
-2.02706034718370
-2.01673794088398
-2.00633012714232
-1.99583649553711
-1.98525663564674
-1.97459013704961
-1.96383658932410
-1.95299558204861
-1.94206670480153
-1.93104954716124
-1.91994369870616
-1.90874874901465
-1.89746428766513
-1.88608990423597
-1.87462518830557
-1.86306972945233
-1.85142311725463
-1.83968494129086
-1.82785479113943
-1.81593225637871
-1.80391692658710
-1.79180839134300
-1.77960624022480
-1.76731006281088
-1.75491944867964