231.328133073492
228.852704183358
226.394936213269
223.954766178595
221.532131094707
219.126967976975
216.739213840770
214.368805701463
212.015680574424
209.679775475024
207.361027418633
205.059373420622
202.774750496362
200.507095661224
198.256345930577
196.022438319792
193.805309844241
191.604897519294
189.421138360321
187.253969382693
185.103327601780
182.969150032953
180.851373691584
178.749935593042
176.664772752698
174.595822185922
172.543020908086
170.506305934559
168.485614280713
166.480882961919
164.492048993545
162.519049390965
160.561821169547
158.620301344662
156.694426931682
154.784134945977
152.889362402916
151.010046317872
149.146123706215
147.297531583314
145.464206964542
143.646086865268
141.843108300863
140.055208286698
138.282323838142
136.524391970568
134.781349699345
133.053134039845
131.339682007437
129.640930617492
127.956816885382
126.287277826476
124.632250456145
122.991671789760
121.365478842691
119.753608630309
118.155998167985
116.572584471089
115.003304554992
113.448095435065
111.906894126677
110.379637645200
108.866263006005
107.366707224461
105.880907315940
104.408800295812
102.950323179448
101.505412982218
100.074006719493
98.6560414066438
97.2514540590407
95.8601816920543
94.4821613210553
93.1173299614144
91.7656246285022
90.4269823376892
89.1013401043461
87.7886349438434
86.4888038715518
85.2017839028419
83.9275120530844
82.6659253376498
81.4169607719087
80.1805553712318
78.9566461509896
77.7451701265529
76.5460643132921
75.3592657265779
74.1847113817809
73.0223382942717
71.8720834794210
70.7338839525994
69.6076767291773
68.4933988245256
67.3909872540148
66.3003790330154
65.2215111768982
64.1543207010337
63.0987446207925
62.0547199515453
61.0221837086626
60.0010729075152
58.9913245634734
57.9928756919082
57.0056633081898
56.0296244276892
55.0646960657768
54.1108152378232
53.1679189591991
52.2359442452750
51.3148281114217
50.4045075730096
49.5049196454094
48.6160013439918
47.7376896841273
46.8699216811866
46.0126343505401
45.1657647075587
44.3292497676129
43.5030265460733
42.6870320583104
41.8812033196950
41.0854773455976
40.2997911513889
39.5240817524395
38.7582861641198
38.0023414018007
37.2561844808527
36.5197524166464
35.7929822245524
35.0758109199413
34.3681755181838
33.6700130346504
32.9812604847118
32.3018548837386
31.6317332471014
30.9708325901708
30.3190899283174
29.6764422769119
29.0428266513247
28.4181800669267
27.8024395390883
27.1955420831802
26.5974247145730
26.0080244486372
25.4272783007436
24.8551232862628
24.2914964205652
23.7363347190217
23.1895751970027
22.6511548698789
22.1210107530208
21.5990798617992
21.0852992115846
20.5796058177476
20.0819366956589
19.5922288606890
19.1104193282086
18.6364451135882
18.1702432321986
17.7117506994102
17.2609045305938
16.8176417411199
16.3818993463591
15.9536143616821
15.5327238024595
15.1191646840618
14.7128740218597
14.3137888312238
13.9218461275248
13.5369829261331
13.1591362424195
12.7882430917546
12.4242404895089
12.0670654510531
11.7166549917578
11.3729461269936
11.0358758721310
10.7053812425409
10.3813992535936
10.0638669206599
9.75272125911040
9.44789928431565
9.14933801164628
8.85697445647291
8.57074563416617
8.29058856009663
8.01644024963494
7.74823771815169
7.48591798101750
7.22941805360300
6.97867495127877
6.73362568941545
6.49420728338363
6.26035674855394
6.03201110029698
5.80910735398337
5.59158252498373
5.37937362866865
5.17241768040876
4.97065169557467
4.77401268953698
4.58243767766632
4.39586367533330
4.21422769790851
4.03746676076259
3.86551787926614
3.69831806878978
3.53580434470411
3.37791372237975
3.22458321718731
3.07574984449740
2.93135061968064
2.79132255810764
2.65560267514900
2.52412798617535
2.39683550655730
2.27366225166545
2.15454523687042
2.03942147754283
1.92822798905327
1.82090178677238
1.71737988607075
1.61759930231901
1.52149705088776
1.42901014714762
1.34007560646919
1.25463044422310
1.17261167577995
1.09395631651035
1.01860138178492
0.946483886974277
0.877540847449023
0.811709278579774
0.748926195737143
0.689128614291741
0.632253549614182
0.578238017075077
0.527019032045039
0.478533609894681
0.432718765994613
0.389511515715450
0.348848874427804
0.310667857502286
0.274905480309508
0.241498758220085
0.210384706604627
0.181500340833747
0.154782676278058
0.130168728308171
0.107595512294700
0.0870000436082561
0.0683193376194521
0.0514904096989004
0.0364502752172136
0.0231359495450036
0.0114844480528827
0.00143278611146369
-0.00708202090864141
-0.0141229576368199
-0.0197530087024599
-0.0240351587349487
-0.0270323923636738
-0.0288076942180233
-0.0294240489273846
-0.0289444411211452
-0.0274318554286932
-0.0249492764794157
-0.0215596889027008
-0.0173260773279356
-0.0123114263845084
-0.00657872070180637
-0.000190944909217283
0.00678891636387108
0.0142978784880713
0.0222729568339956
0.0306511667722562
0.0393695236734659
0.0483650429082366
0.0575747398471809
0.0669356298609111
0.0763847283200395
0.0858590505951786
0.0952956120569407
0.104631428075938
0.113803514022783
0.122748885268088
0.131404557182465
0.139707545136528
0.147594864500887
0.155003533229885
0.161885377504933
0.168241853935039
0.174084804890613
0.179426072742067
0.184277499859811
0.188650928614257
0.192558201375817
0.196011160514901
0.199021648401920
0.201601507407287
0.203762579901411
0.205516708254705
0.206875734837579
0.207851502020445
0.208455852173714
0.208700627667797
0.208597670873105
0.208158824160050
0.207395929899043
0.206320830460494
0.204945368214816
0.203281385532419
0.201340724783715
0.199135228339115
0.196676738569030
0.193977097843871
0.191048148534050
0.187901733009977
0.184549693642064
0.181003872800723
0.177276112856363
0.173378256179398
0.169322145140237
0.165119622109292
0.160782529456975
0.156322709553695
0.151752004769866
0.147082257475897
0.142325310042201
0.137493004839188
0.132597184237269
0.127649690606856
0.122662366318360
0.117647053742192
0.112615595248764
0.107579833208486
0.102551609991770
0.0975427679690272
0.0925651495106685
0.0876305969871052
0.0827509527687487
0.0779380592260100
0.0732037587293004
0.0685598936490312
0.0640183063556135
0.0595908392194586
0.0552893346109776
0.0511256349005819
0.0471115824586825
0.0432573080554306
0.0395633261790104
0.0360267954471292
0.0326448709990155
0.0294147079738979
0.0263334615110048
0.0233982867495648
0.0206063388288063
0.0179547728879579
0.0154407440662480
0.0130614075029052
0.0108139183371580
0.00869543170823482
0.00670310275536419
0.00483408661777463
0.00308553843469464
0.00145461334535271
-6.15335110226503e-05
-0.00146574699520294
-0.00276087196795966
-0.00394975329006431
-0.00503523582228836
-0.00602016442540334
-0.00690738396018075
-0.00769973928739209
-0.00840007526780882
-0.00901123676220248
-0.00953606863134457
-0.00997741573600654
-0.0103381229369599
-0.0106210350949762
-0.0108289970708269
-0.0109648537252836
-0.0110314499191176
-0.0110316305131005
-0.0109682403680038
-0.0108441243445990
-0.0106621273036576
-0.0104250941059511
-0.0101358696122510
-0.00979729868332877
-0.00941222617995594
-0.00898349696290399
-0.00851395589294444
-0.00800644783084875
-0.00746381763738846
-0.00688891017333503
-0.00628457029945999
-0.00565364287653482
-0.00499897276533104
-0.00432340482662011
-0.00362978392117356
-0.00292095490976288
-0.00219976265315956
-0.00146905201213511
-0.000731667847461021
9.54498009120590e-06
0.000751741609750077
0.00149207718074409
0.00222787466601811
0.00295809626281861
0.00368263031949857
0.00440137566164904
0.00511423111486107
0.00582109550472571
0.00652186765683402
0.00721644639677705
0.00790473055014586
0.00858661894253148
0.00926201039952499
0.00993080374671743
0.0105928978096998
0.0112481914140633
0.0118965833853988
0.0125379725492975
0.0131722577313504
0.0137993377571485
0.0144191114522830
0.0150314776423447
0.0156363351529249
0.0162335828096146
0.0168231194380047
0.0174048438636864
0.0179786549122508
0.0185444514092888
0.0191021321803915
0.0196515960511500
0.0201927418471553
0.0207254683939985
0.0212496745172706
0.0217652590425628
0.0222721207954659
0.0227701586015712
0.0232592712864695
0.0237393576757521
0.0242103165950100
0.0246720468698341
0.0251244473258156
0.0255674167885455
0.0260008540836148
0.0264246580366147
0.0268387274731361
0.0272429612187702
0.0276372580991079
0.0280215169397403
0.0283956365662585
0.0287595158042536
0.0291130534793165
0.0294561484170383
0.0297886994430102
0.0301106053828231
0.0304217650620680
0.0307220773063361
0.0310114409412185
0.0312897547923060
0.0315569176851899
0.0318128284454611
0.0320573858987107
0.0322904979852006
0.0325122442994226
0.0327228573147223
0.0329225748482392
0.0331116347171129
0.0332902747384827
0.0334587327294880
0.0336172465072684
0.0337660538889633
0.0339053926917122
0.0340355007326544
0.0341566158289295
0.0342689757976769
0.0343728184560360
0.0344683816211463
0.0345559031101472
0.0346356207401783
0.0347077723283789
0.0347725956918884
0.0348303286478465
0.0348812090133924
0.0349254746056656
0.0349633632418057
0.0349951127389520
0.0350209609142440
0.0350411455848212
0.0350559045678229
0.0350654756803887
0.0350700967396580
0.0350700055627702
0.0350654399668649
0.0350566377690814
0.0350438367865592
0.0350272748364377
0.0350071897358564
0.0349838193019548
0.0349574013518723
0.0349281737027484
0.0348963741717224
0.0348622405759339
0.0348260107325223
0.0347879224586271
0.0347482135713876
0.0347071218879434
0.0346648852254339
0.0346217414009986
0.0345779282317769
0.0345336835349082
0.0344892451275320
0.0344448508267878
0.0344007384498150
0.0343571458137531
0.0343143107357414
0.0342724710329195
0.0342318645224268
0.0341927290214028
0.0341553023469869
0.0341198223163186
0.0340865267465372
0.0340556506322734
0.0340272993041203
0.0340013971156865
0.0339778549764949
0.0339565837960681
0.0339374944839292
0.0339204979496009
0.0339055051026062
0.0338924268524678
0.0338811741087086
0.0338716577808514
0.0338637887784192
0.0338574780109348
0.0338526363879209
0.0338491748189005
0.0338470042133964
0.0338460354809314
0.0338461795310285
0.0338473472732104
0.0338494496170001
0.0338523974719202
0.0338561017474938
0.0338604733532437
0.0338654231986926
0.0338708621933635
0.0338767012467792
0.0338828512684626
0.0338892231679365
0.0338957278547237
0.0339022762383471
0.0339087792283296
0.0339151477341940
0.0339212926654632
0.0339271249316599
0.0339325554423071
0.0339374951069276
0.0339418548350443
0.0339455455361800
0.0339484781198575
0.0339505634955997
0.0339517125729295
0.0339518362613697
0.0339508454704431
0.0339486511096726
0.0339451640885811
0.0339402953166914
0.0339339557035264
0.0339260561586088
0.0339165075914616
0.0339052209116076
0.0338921070285697
0.0338770768518706
0.0338600412910334
0.0338409112555807
0.0338195976550354
0.0337960113989205
0.0337700633967587
0.0337416645580729
0.0337107257923860
0.0336771582117204
0.0336409152179469
0.0336020442547529
0.0335606054420210
0.0335166588996339
0.0334702647474743
0.0334214831054248
0.0333703740933680
0.0333169978311867
0.0332614144387635
0.0332036840359810
0.0331438667427219
0.0330820226788689
0.0330182119643046
0.0329524947189117
0.0328849310625728
0.0328155811151707
0.0327445049965878
0.0326717628267070
0.0325974147254109
0.0325215208125821
0.0324441412081034
0.0323653360318572
0.0322851654037264
0.0322036894435935
0.0321209682713413
0.0320370620068524
0.0319520307700094
0.0318659346806950
0.0317788338587919
0.0316907884241827
0.0316018584967501
0.0315121041963767
0.0314215856429452
0.0313303629563383
0.0312384962564385
0.0311460456631287
0.0310530712962914
0.0309596332758093
0.0308657917215650
0.0307716067534413
0.0306771384913207
0.0305824470550859
0.0304875925646196
0.0303926351398045
0.0302976349005232
0.0302026519666583
0.0301077464580926
0.0300129784947086
0.0299184081963891
0.0298240956830166
0.0297301010744739
0.0296364844906437
0.0295433060514085
0.0294506258766510
0.0293585040862539
0.0292670008000999
0.0291761761380716
0.0290860902200516
0.0289968031654845
0.0289083566288173
0.0288207246716582
0.0287338658933093
0.0286477388930724
0.0285623022702496
0.0284775146241428
0.0283933345540539
0.0283097206592850
0.0282266315391380
0.0281440257929148
0.0280618620199174
0.0279800988194478
0.0278986947908079
0.0278176085332997
0.0277367986462252
0.0276562237288862
0.0275758423805848
0.0274956132006229
0.0274154947883026
0.0273354457429256
0.0272554246637941
0.0271753901502099
0.0270953008014750
0.0270151152168915
0.0269347919957611
0.0268542897373860
0.0267735670410681
0.0266925825061092
0.0266112947318114
0.0265296623174767
0.0264476438624070
0.0263651979659042
0.0262822832272704
0.0261988582458074
0.0261148816208173
0.0260303119516020
0.0259451078374634
0.0258592278777036
0.0257726306716244
0.0256852748185279
0.0255971189177160
0.0255081215684906
0.0254182413701538
0.0253274369220074
0.0252356668233535
0.0251428896734940
0.0250490640717308
0.0249541486173659
0.0248581019097014
0.0247608825480390
0.0246624491316809
0.0245627602599289
0.0244617745320850
0.0243594505474512
0.0242557469053294
0.0241506222050217
0.0240440350458299
0.0239359440270560
0.0238263077480019
0.0237150920466602
0.0236023073160104
0.0234879808875170
0.0233721401254681
0.0232548123941518
0.0231360250578563
0.0230158054808697
0.0228941810274803
0.0227711790619761
0.0226468269486454
0.0225211520517762
0.0223941817356569
0.0222659433645754
0.0221364643028199
0.0220057719146787
0.0218738935644399
0.0217408566163916
0.0216066884348220
0.0214714163840193
0.0213350678282716
0.0211976701318670
0.0210592506590938
0.0209198367742400
0.0207794558415940
0.0206381352254437
0.0204959022900773
0.0203527843997831
0.0202088089188492
0.0200640032115637
0.0199183946422148
0.0197720105750906
0.0196248783744794
0.0194770254046692
0.0193284790299482
0.0191792666146047
0.0190294155229266
0.0188789531192023
0.0187279067677198
0.0185763038327674
0.0184241716786331
0.0182715376696052
0.0181184291699717
0.0179648735440209
0.0178108981560409
0.0176565303703199
0.0175017975511460
0.0173467270628074
0.0171913462695922
0.0170356825357886
0.0168797632256847
0.0167236157035688
0.0165672673337290
0.0164107454804534
0.0162540775080301
0.0160972907807475
0.0159404126628935
0.0157834705187564
0.0156264917126243
0.0154695036087854
0.0153125340511469
0.0151556160782090
0.0149987859073629
0.0148420798017454
0.0146855340244934
0.0145291848387436
0.0143730685076329
0.0142172212942980
0.0140616794618759
0.0139064792735034
0.0137516569923172
0.0135972488814541
0.0134432912040511
0.0132898202232449
0.0131368722021724
0.0129844834039703
0.0128326900917755
0.0126815285287248
0.0125310349779550
0.0123812457026030
0.0122321969658055
0.0120839250306995
0.0119364661604217
0.0117898566181089
0.0116441326668979
0.0114993305699257
0.0113554865903289
0.0112126369912445
0.0110708180358092
0.0109300659871598
0.0107904171084333
0.0106519076627663
0.0105145739132958
0.0103784521231585
0.0102435785554913
0.0101099894734310
0.00997772114011444
0.00984680981867838
0.00971729177225967
0.00958920326399514
0.00946258055702160
0.00933745991447588
0.00921387759949481
0.00909186987521519
0.00897147300477385
0.00885272325130762
0.00873565687795332
0.00862031014784776
0.00850671932412776
0.00839492066993016
0.00828495044839176
0.00817684492264940
0.00807064035583989
0.00796637301110005
0.00786407915156671
0.00776379504037668
0.00766555694066678
0.00756940111557385
0.00747536382823470
0.00738347931336788
0.00729373823970465
0.00720608935928416
0.00712047972574037
0.00703685639270725
0.00695516641381874
0.00687535684270881
0.00679737473301141
0.00672116713836051
0.00664668111239005
0.00657386370873400
0.00650266198102631
0.00643302298290094
0.00636489376799186
0.00629822138993300
0.00623295290235834
0.00616903535890183
0.00610641581319743
0.00604504131887909
0.00598485892958077
0.00592581569893644
0.00586785868058005
0.00581093492814555
0.00575499149526690
0.00569997543557806
0.00564583380271299
0.00559251365030564
0.00553996203198998
0.00548812600139996
0.00543695261216953
0.00538638891793266
0.00533638197232331
0.00528687882897542
0.00523782654152296
0.00518917216359988
0.00514086274884015
0.00509284535087771
0.00504506702334654
0.00499747481988057
0.00495001579411378
0.00490263699968012
0.00485528549021355
0.00480790831934802
0.00476045254071749
0.00471286520795592
0.00466509337469727
0.00461708409457550
0.00456878442122455
0.00452014140827840
0.00447110210937099
0.00442161357813628
0.00437162286820824
0.00432107703322081
0.00426992312680796
0.00421810820260365
0.00416557931424183
0.00411228351535645
0.00405816785958148
0.00400317940055088
0.00394726584353056
0.00389041135299060
0.00383265513797287
0.00377404097511151
0.00371461264104066
0.00365441391239446
0.00359348856580705
0.00353188037791258
0.00346963312534519
0.00340679058473902
0.00334339653272822
0.00327949474594692
0.00321512900102928
0.00315034307460942
0.00308518074332150
0.00301968578379966
0.00295390197267804
0.00288787308659078
0.00282164290217203
0.00275525519605593
0.00268875374487661
0.00262218232526823
0.00255558471386493
0.00248900468730084
0.00242248602221012
0.00235607249522690
0.00228980788298532
0.00222373596211953
0.00215790050926368
0.00209234530105190
0.00202711411411833
0.00196225072509713
0.00189779891062243
0.00183380244732837
0.00177030511184910
0.00170735068081876
0.00164498293087149
0.00158324563864143
0.00152218258076274
0.00146183753386954
0.00140225427459598
0.00134347657957622
0.00128554822544438
0.00122851298883461
0.00117241464638105
0.00111729697471785
0.00106320375047914
0.00101017875029908
0.000958265750811803
0.000907508528651451
0.000857950860452167
0.000809636522848094
0.000762609292473375
0.000716912945962153
0.000672591259948571
0.000629688011066769
0.000588246975950892
0.000548311931235082
0.000509926653553482
0.000473134853726128
0.000437959558890715
0.000404373799082221
0.000372343199607809
0.000341833385774639
0.000312809982889872
0.000285238616260671
0.000259084911194196
0.000234314492997607
0.000210892986978067
0.000188786018442736
0.000167959212698776
0.000148378195053348
0.000130008590813613
0.000112816025286732
9.67661237798671e-05
8.18245116001785e-05
6.79568140548278e-05
5.51286564509761e-05
4.33056640957846e-05
3.24534622964146e-05
2.25376763600272e-05
1.35239315937836e-05
5.37785330484501e-06
-1.93493319962726e-06
-8.44880261247229e-06
-1.41981296265287e-05
-1.92172889346355e-05
-2.35406552296311e-05
-2.72026032043547e-05
-3.02375075516449e-05
-3.26797429643405e-05
-3.45636841352805e-05
-3.59237057573035e-05
-3.67941825232485e-05
-3.72094891259540e-05
-3.72040002582591e-05
-3.68120906130026e-05
-3.60681348830232e-05
-3.50065077611596e-05
-3.36615839402509e-05
-3.20677381131357e-05
-3.02593449726528e-05
-2.82707792116411e-05
-2.61364155229394e-05
-2.38906285993864e-05
-2.15677931338211e-05
-1.92022838190821e-05
-1.68284753480084e-05
-1.44807424134386e-05
-1.21934597082117e-05
-1.00010019251664e-05
-7.93774375714158e-06
-6.03805989697603e-06
-4.33632503750851e-06
-2.86691387157783e-06
-1.66420109202282e-06
-7.62561391682321e-07
-1.96369463395095e-07
0