0
-0.831754669170489
-1.64688598754288
-2.44555145964098
-3.22790794712573
-3.99411166879516
-4.74431820058440
-5.47868247556568
-6.19735878394835
-6.90050077307886
-7.58826144744076
-8.26079316865470
-8.91824765547844
-9.56077598380685
-10.1885285866719
-10.8016552542426
-11.4003051338253
-11.9846267298631
-12.5547679039364
-13.1108758747628
-13.6530972181968
-14.1815778672302
-14.6964631119916
-15.1978975997471
-15.6860253348997
-16.1609896789894
-16.6229333506935
-17.0719984258263
-17.5083263373392
-17.9320578753208
-18.3433331869967
-18.7422917767296
-19.1290725060194
-19.5038135935031
-19.8666526149546
-20.2177265032852
-20.5571715485430
-20.8851233979135
-21.2017170557192
-21.5070868834196
-21.8013665996114
-22.0846892800283
-22.3571873575413
-22.6189926221583
-22.8702362210245
-23.1110486584220
-23.3415597957701
-23.5618988516253
-23.7721944016811
-23.9725743787681
-24.1631660728539
-24.3440961310435
-24.5154905575787
-24.6774747138387
-24.8301733183394
-24.9737104467342
-25.1082095318135
-25.2337933635045
-25.3505840888720
-25.4587032121176
-25.5582715945800
-25.6494094547352
-25.7322363681960
-25.8068712677125
-25.8734324431720
-25.9320375415987
-25.9828035671540
-26.0258468811364
-26.0612832019814
-26.0892276052619
-26.1097945236876
-26.1230977471053
-26.1292504224992
-26.1283650539904
-26.1205535028370
-26.1059269874343
-26.0845960833149
-26.0566707231483
-26.0222601967410
-25.9814731510369
-25.9344175901167
-25.8812008751985
-25.8219297246373
-25.7567102139252
-25.6856477756915
-25.6088471997026
-25.5264126328620
-25.4384475792102
-25.3450548999249
-25.2463368133209
-25.1423948948501
-25.0333300771015
-24.9192426498011
-24.8002322598123
-24.6763979111352
-24.5478379649073
-24.4146501394031
-24.2769315100343
-24.1347785093495
-23.9882869270347
-23.8375519099126
-23.6826679619434
-23.5237289442241
-23.3608280749892
-23.1940579296098
-23.0235104405944
-22.8492768975887
-22.6714479473752
-22.4901135938737
-22.3053631981411
-22.1172854783714
-21.9259685098957
-21.7314997251820
-21.5339659138358
-21.3334532225994
-21.1300471553524
-20.9238325731112
-20.7148936940296
-20.5033140933985
-20.2891767036456
-20.0725638143362
-19.8535570721721
-19.6322374809928
-19.4086854017745
-19.1829805526307
-18.9552020088119
-18.7254282027057
-18.4937369238368
-18.2602053188673
-18.0249098915959
-17.7879265029587
-17.5493303710290
-17.3091960710169
-17.0675975352699
-16.8246080532724
-16.5803002716460
-16.3347461941494
-16.0880171816784
-15.8401839522659
-15.5913165810818
-15.3414845004333
-15.0907564997646
-14.8392007256570
-14.5868846818288
-14.3338752291357
-14.0802385855703
-13.8260403262621
-13.5713453834782
-13.3162180466225
-13.0607219622359
-12.8049201339966
-12.5488749227198
-12.2926480463581
-12.0363005800006
-11.7798929558741
-11.5234849633422
-11.2671357489057
-11.0109038162024
-10.7548470260074
-10.4990225962326
-10.2434871019274
-9.98829647527786
-9.73350600560754
-9.47917033937689
-9.22534348018351
-8.97207878876211
-8.71942898298451
-8.46744613785962
-8.21618168553346
-7.96568641528914
-7.71601047354691
-7.46720336386410
-7.21931394693513
-6.97239044059156
-6.72648041980202
-6.48163081667227
-6.23788792044516
-5.99529737750064
-5.75390419135579
-5.51375272266477
-5.27488668921884
-5.03734916594638
-4.80118258491289
-4.56642873532092
-4.33312876351017
-4.10132317295745
-3.87105182427663
-3.64235393521873
-3.41526808067183
-3.18983219266117
-2.96608356034905
-2.74405883003487
-2.52379400515518
-2.30532444628359
-2.08868487113083
-1.87390935454474
-1.66103132851025
-1.45008358214941
-1.24109826172137
-1.03410687062237
-0.829140269385776
-0.626228675682041
-0.425401664318732
-0.226688167240517
-0.0301164735291657
0.164285770596443
0.356491561780331
0.546474539529405
0.734208986213487
0.919669827065277
1.10283263018038
1.28367360651729
1.46216960989740
1.63829813700501
1.81203732738730
1.98336596345434
2.15226347047912
2.31870991659751
2.48268601280828
2.64417311297309
2.80315321381650
2.95960895492596
3.11352361875184
3.26488113060737
3.41366605866870
3.55986361397486
3.70345965042780
3.84444066479235
3.98279379669621
4.11850682863003
4.25156818594732
4.38196693686449
4.50969279246085
4.63473610667860
4.75708787632285
4.87673974106159
4.99368398342572
5.10791352880902
5.21942194546817
5.32820344452276
5.43425287995526
5.53756574861104
5.63813819019838
5.73596698728842
5.83104956531523
5.92338399257577
6.01296898022987
6.09980388230030
6.18388869567269
6.26522406009558
6.34381125818039
6.41965221540147
6.49274950009603
6.56310632346419
6.63072653956897
6.69561464533629
6.75777578055494
6.81721572787663
6.87394091281597
6.92795840375044
6.97927591192044
7.02790179142926
7.07384503924307
7.11711529519095
7.15772284196488
7.19567860511972
7.23099415307325
7.26368169710612
7.29375409136189
7.32122483284701
7.34610806143083
7.36841855984559
7.38817175368643
7.40538371141140
7.42007114434142
7.43225140666031
7.44194249541481
7.44916305051452
7.45393235473197
7.45627033370256
7.45619755592460
7.45373523275929
7.44890521843073
7.44173001002591
7.43223274749472
7.42043721364995
7.40636783416728
7.39004967758527
7.37150845530541
7.35077052159207
7.32786287366481
7.30281368251874
7.27565355479840
7.24641414668320
7.21512779409150
7.18182751268059
7.14654699784669
7.10932062472496
7.07018344818951
7.02917120285335
6.98632030306847
6.94166784292575
6.89525159625505
6.84711001662513
6.79728223734371
6.74580807145743
6.69272801175188
6.63808323075157
6.58191558071995
6.52426759365942
6.46518248131129
6.40470413515584
6.34287712641225
6.27974670603866
6.21535880473213
6.14976003292867
6.08299768080322
6.01511971826965
5.94617479498078
5.87621224032834
5.80528206344302
5.73343495319444
5.66072227819116
5.58719608678065
5.51290910704935
5.43791474682261
5.36226709366473
5.28602091487895
5.20923165750743
5.13195544833128
5.05424909387052
4.97617008038415
4.89777657387006
4.81912742006511
4.74028214444507
4.66130095222467
4.58224472835756
4.50317503753632
4.42415412419248
4.34524491249651
4.26651100635779
4.18801668942466
4.10982692508439
4.03200735646318
3.95462430642617
3.87774477757743
3.80143645225997
3.72576769255575
3.65080754028564
3.57662571700946
3.50328419961778
3.43079808238642
3.35916589032064
3.28838598492357
3.21845658126821
3.14937574799740
3.08114140732386
3.01375133503016
2.94720316046873
2.88149436656187
2.81662228980171
2.75258412025027
2.68937690153942
2.62699753087088
2.56544275901624
2.50470919031695
2.44479328268430
2.38569134759947
2.32739955011348
2.26991390884720
2.21323029599139
2.15734443730664
2.10225191212341
2.04794815334202
1.99442844743266
1.94168793443535
1.88972160796000
1.83852431518636
1.78809075686406
1.73841548731255
1.68949291442119
1.64131729964915
1.59388275802550
1.54718325814915
1.50121262218887
1.45596452588329
1.41143249854089
1.36760992304004
1.32449003582893
1.28206592692564
1.24033053991808
1.19927667196406
1.15889697379121
1.11918394969704
1.08012995754891
1.04172720878405
1.00396776840953
0.966843555002311
0.930346340709178
0.894467751246798
0.859199265901689
0.824532217530231
0.790457792558661
0.756967030983078
0.724050826369437
0.691699925853554
0.659904930141106
0.628656293507626
0.597944323798508
0.567759561857405
0.538096120729398
0.508950111008788
0.480317581150844
0.452194493843394
0.424576726006836
0.397460068794127
0.370840227590792
0.344712822014917
0.319073385917155
0.293917367380723
0.269240128721399
0.245036946487530
0.221303011460024
0.198033428652353
0.175223217310555
0.152867310913232
0.130960557171550
0.109497718029237
0.0884734696625896
0.0678824024804646
0.0477190211242851
0.0279777444680379
0.00865290561827416
-0.0102612480858907
-0.0287705550727774
-0.0468809395381420
-0.0645984114451766
-0.0819290665245090
-0.0988790862742027
-0.115454737959757
-0.131662374614107
-0.147508435037624
-0.162999443798114
-0.178142011230819
-0.192942833438419
-0.207408692291026
-0.221546455426191
-0.235363076248899
-0.248865593931572
-0.262061133414066
-0.274956905403675
-0.287560206375126
-0.299878418570585
-0.311919009999651
-0.323689534439361
-0.335197631434186
-0.346451026296034
-0.357457530104247
-0.368225039705606
-0.378761537714324
-0.389075092512052
-0.399173858247878
-0.409066074838322
-0.418760067967342
-0.428264249086333
-0.437587115414124
-0.446737249936980
-0.455723321408602
-0.464553843509770
-0.473232868254678
-0.481760435761670
-0.490136454459058
-0.498360841984464
-0.506433525184821
-0.514354440116376
-0.522123532044687
-0.529740755444624
-0.537206074000368
-0.544519460605413
-0.551680897362566
-0.558690375583943
-0.565547895790975
-0.572253467714402
-0.578807110294279
-0.585208851679971
-0.591458729230154
-0.597556789512819
-0.603503088305266
-0.609297690594109
-0.614940670575273
-0.620432111653994
-0.625772106444822
-0.630960756771618
-0.635998173667553
-0.640884477375114
-0.645619797346097
-0.650204272241609
-0.654638049932073
-0.658921287497220
-0.663054151226095
-0.667036816617053
-0.670869468377765
-0.674552300425208
-0.678085515885676
-0.681469327094773
-0.684703955597415
-0.687789632147830
-0.690726596709557
-0.693515098455448
-0.696155395767668
-0.698647756237691
-0.700992456666306
-0.703189783063612
-0.705240030649021
-0.707143503851255
-0.708900516308351
-0.710511390867655
-0.711976459585826
-0.713296063728837
-0.714470553771970
-0.715500289399820
-0.716385639506293
-0.717126982194610
-0.717724704777300
-0.718179203776206
-0.718490884922484
-0.718660163156600
-0.718687475082775
-0.718573839842943
-0.718321091824992
-0.717931144784888
-0.717405932636631
-0.716747409452255
-0.715957549461826
-0.715038347053446
-0.713991816773248
-0.712819993325399
-0.711524931572100
-0.710108706533586
-0.708573413388125
-0.706921167472016
-0.705154104279597
-0.703274379463233
-0.701284168833328
-0.699185668358317
-0.696981094164668
-0.694672682536882
-0.692262689917497
-0.689753392907080
-0.687147088264235
-0.684446092905597
-0.681652743905836
-0.678769398497654
-0.675798434071789
-0.672742248177010
-0.669603258520120
-0.666383902965957
-0.663086639537390
-0.659713946415324
-0.656268321938696
-0.652752284604475
-0.649168373067668
-0.645519146141311
-0.641807182796475
-0.638035082162265
-0.634205463525820
-0.630320966332310
-0.626384250184942
-0.622397994844952
-0.618364900231614
-0.614287686422233
-0.610169093652148
-0.606011882314730
-0.601818832961387
-0.597592746301558
-0.593336443202714
-0.589052764690364
-0.584744571948045
-0.580414746317332
-0.576066189297832
-0.571701822547184
-0.567324587881063
-0.562937447273175
-0.558543382855261
-0.554145396917095
-0.549746511906485
-0.545349765679339
-0.540957222552932
-0.536568746779296
-0.532183902046386
-0.527802248309734
-0.523423341792452
-0.519046734985231
-0.514671976646340
-0.510298611801631
-0.505926181744531
-0.501554224036049
-0.497182272504774
-0.492809857246870
-0.488436504626086
-0.484061737273747
-0.479685074088756
-0.475306030237600
-0.470924117154340
-0.466538842540621
-0.462149710365664
-0.457756220866270
-0.453357870546820
-0.448954152179275
-0.444544554803174
-0.440128563725635
-0.435705660521356
-0.431275323032616
-0.426837025369270
-0.422390237908754
-0.417934427296084
-0.413469056443854
-0.408993584532239
-0.404507467008991
-0.400010155589443
-0.395501098256506
-0.390979739260673
-0.386445519120013
-0.381897874620176
-0.377336238814391
-0.372760041023467
-0.368168706835792
-0.363561658107332
-0.358938312961633
-0.354298085789822
-0.349640387250604
-0.344964624270262
-0.340270200042660
-0.335556514029242
-0.330822961959029
-0.326068935828623
-0.321293823902205
-0.316497010711534
-0.311677877055952
-0.306835800002375
-0.301970152885303
-0.297080305306813
-0.292165623136561
-0.287225468511784
-0.282259199837296
-0.277266171795319
-0.272246150012005
-0.267200419259692
-0.262130620863793
-0.257038406534270
-0.251925438365637
-0.246793388836959
-0.241643940811850
-0.236478787538474
-0.231299632649547
-0.226108190162334
-0.220906184478651
-0.215695350384863
-0.210477433051888
-0.205254188035191
-0.200027381274790
-0.194798789095252
-0.189570198205696
-0.184343405699788
-0.179120219055748
-0.173902456136344
-0.168691945188895
-0.163490524845271
-0.158300044121891
-0.153122362419726
-0.147959349524296
-0.142812885605671
-0.137684861218474
-0.132577177301874
-0.127491745179594
-0.122430486559907
-0.117395333535634
-0.112388228584148
-0.107411124567373
-0.102465984731781
-0.0975547827083971
-0.0926795025127949
-0.0878421385450990
-0.0830446955899840
-0.0782891888166751
-0.0735776437789479
-0.0689120964151280
-0.0642945930480917
-0.0597271903852654
-0.0552119555186259
-0.0507509659247003
-0.0463463094645663
-0.0420000843838515
-0.0377143993127342
-0.0334913732659428
-0.0293331356427562
-0.0252418262270035
-0.0212195951870643
-0.0172686030758684
-0.0133910208308959
-0.00958902977417743
-0.00586482161229376
-0.00222059843637613
0.00134142727789398
0.00481903267028468
0.00821031022612219
0.0115153516451105
0.0147350158343197
0.0178701703476256
0.0209216899107808
0.0238904564214145
0.0267773589490327
0.0295832937350180
0.0323091641926297
0.0349558809070038
0.0375243616351531
0.0400155313059670
0.0424303220202115
0.0447696730505294
0.0470345308414401
0.0492258490093400
0.0513445883425017
0.0533917168010749
0.0553682095170858
0.0572750487944373
0.0591132241089089
0.0608837321081571
0.0625875766117149
0.0642257686109918
0.0657993262692743
0.0673092749217255
0.0687566470753851
0.0701424824091695
0.0714678277738720
0.0727337371921623
0.0739412718585870
0.0750915001395693
0.0761854975734090
0.0772243468702829
0.0782091379122441
0.0791409677532226
0.0800209406190252
0.0808501679073351
0.0816297681877125
0.0823608672015941
0.0830445978622932
0.0836821002550001
0.0842745216367815
0.0848230164365810
0.0853287462552187
0.0857928798653916
0.0862165932116731
0.0866010694105136
0.0869474987502401
0.0872570786910561
0.0875310138650421
0.0877705160761551
0.0879768043002286
0.0881511046849734
0.0882946505499763
0.0884086823867012
0.0884944478584885
0.0885532018005556
0.0885862062199961
0.0885946730812704
0.0885792007389053
0.0885400109678008
0.0884773217069093
0.0883913525091662
0.0882823245414906
0.0881504605847845
0.0879959850339332
0.0878191238978055
0.0876201047992533
0.0873991569751117
0.0871565112761992
0.0868924001673174
0.0866070577272515
0.0863007196487696
0.0859736232386232
0.0856260074175471
0.0852581127202595
0.0848701812954614
0.0844624569058377
0.0840351849280560
0.0835886123527676
0.0831229877846067
0.0826385614421911
0.0821355851581216
0.0816143123789824
0.0810749981653410
0.0805178991917481
0.0799432737467375
0.0793513817328267
0.0787424846665161
0.0781168456782894
0.0774747295126137
0.0768164025279393
0.0761421326966998
0.0754521896053120
0.0747468444541760
0.0740263700576752
0.0732910408441762
0.0725411328560290
0.0717769237495667
0.0709986927951057
0.0702067208769457
0.0694012904933697
0.0685826857566440
0.0677511923930179
0.0669070977427244
0.0660506907599794
0.0651822620129823
0.0643021036839155
0.0634105095689450
0.0625077750782198
0.0615941972358723
0.0606700746800181
0.0597357076627561
0.0587913980501685
0.0578374493223207
0.0568741665732614
0.0559018565110226
0.0549208322817723
0.0539315124072556
0.0529344174822504
0.0519300747810788
0.0509190142232275
0.0499017683733468
0.0488788724412514
0.0478508642819198
0.0468182843954949
0.0457816759272833
0.0447415846677561
0.0436985590525481
0.0426531501624585
0.0416059117234503
0.0405574001066509
0.0395081743283514
0.0384587960500073
0.0374098295782380
0.0363618418648271
0.0353154025067222
0.0342710837460349
0.0332294604700412
0.0321911102111808
0.0311566131470577
0.0301265521004399
0.0291015125392595
0.0280820825766128
0.0270688529707599
0.0260624171251253
0.0250633710882974
0.0240723135540286
0.0230898458612356
0.0221165719939991
0.0211530985815638
0.0202000348983385
0.0192579928638963
0.0183275870429740
0.0174094346454727
0.0165041555264577
0.0156123721861581
0.0147347097699674
0.0138717960684428
0.0130242615173059
0.0121927391974422
0.0113778648349015
0.0105802768008974
0.00980061611180768
0.00903952642917433
0.00829765405970328
0.00757564795526459
0.00687415971289240
0.00619384357478492
0.00553535642830445
0.00489935780597737
0.00428650988549414
0.00369747748970930
0.00313292808664148
0.00259353178947337
0.00207996135655175
0.00159288412060139
0.00113251794554060
0.000698397955588851
0.000289999979429862
-9.32029420250591e-05
-0.000451740555637011
-0.000786145396039496
-0.00109695278563843
-0.00138470083461214
-0.00164993044091136
-0.00189318529025922
-0.00211501185615129
-0.00231595939985552
-0.00249657997041228
-0.00265742840463436
-0.00279906232710693
-0.00292204215018760
-0.00302693107400637
-0.00311429508646567
-0.00318470296324031
-0.00323872626777752
-0.00327693935129695
-0.00329991935279066
-0.00330824619902310
-0.00330250260453115
-0.00328327407162407
-0.00325114889038358
-0.00320671813866375
-0.00315057568209109
-0.00308331817406453
-0.00300554505575538
-0.00291785855610738
-0.00282086369183668
-0.00271516826743183
-0.00260138287515378
-0.00248012089503592
-0.00235199849488401
-0.00221763463027624
-0.00207765104456323
-0.00193267226886796
-0.00178332562208586
-0.00163024121088476
-0.00147405192970489
-0.00131539346075888
-0.00115490427403180
-0.000993225627281109
-0.000831001566036671
-0.000668878923600771
-0.000507507321048097
-0.000347539167225747
-0.000189629658753227
-3.44367800224560e-05
0.000117378696802242
0.000265153211784130
0.000408220417214067
0.000545911177610499
0.000677553569719464
0.000802472882514590
0.000919991617197098
0.00102943024123171
0.00113034366346054
0.00122285905257616
0.00130718934182271
0.00138354848276817
0.00145215144530440
0.00151321421764714
0.00156695380633602
0.00161358823623450
0.00165333655052995
0.00168641881073359
0.00171305609668053
0.00173347050652973
0.00174788515676405
0.00175652418219021
0.00175961273593879
0.00175737698946426
0.00175004413254496
0.00173784237328310
0.00172100093810475
0.00169975007175988
0.00167432103732231
0.00164494611618974
0.00161185860808374
0.00157529283104977
0.00153548412145713
0.00149266883399901
0.00144708434169249
0.00139896903587850
0.00134856232622184
0.00129610464071119
0.00124183742565912
0.00118600314570204
0.00112884528380026
0.00107060834123794
0.00101153783762313
0.000951880310887750
0.000891883317287586
0.000831795431402299
0.000771866246135426
0.000712346372714373
0.000653487440690419
0.000595542097938718
0.000538764010658294
0.000483407863372046
0.000429729358926743
0.000377985218493029
0.000328433181565418
0.000281332005962300
0.000236941467825935
0.000195522361622456
0.000157336500141870
0.000122646714498055
9.17168541287623e-05
6.48117867956159e-05
4.21973985841125e-05
2.41405939036208e-05
1.09092954873833e-05
2.77244439251385e-06
0