0
14.1591986221074
28.0277351891996
41.6086115743954
54.9048158025472
67.9193220502403
80.6550906457935
93.1150680692589
105.302186952422
117.219366078801
128.869510383648
140.255510953948
151.380245028420
162.246575997515
172.857353403418
183.215412940049
193.323576453057
203.184651939828
212.801433549481
222.176701582867
231.313222492569
240.213748882907
248.881019509932
257.317759281428
265.526679256913
273.510476647638
281.271834816587
288.813423278478
296.137897699763
303.247899898625
310.146057844981
316.834985660483
323.317283618515
329.595538144194
335.672321814371
341.550193357630
347.231697654287
352.719365736393
358.015714787732
363.123248143822
368.044455291912
372.781811870985
377.337779671760
381.714806636686
385.915326859946
389.941760587458
393.796514216871
397.481980297568
401.000537530666
404.354550769016
407.546371017200
410.578335431534
413.452767320068
416.171976142586
418.738257510602
421.153893187368
423.421151087866
425.542285278812
427.519535978655
429.355129557578
431.051278537496
432.610181592060
434.034023546652
435.324975378387
436.485194216114
437.516823340417
438.421992183610
439.202816329742
439.861397514596
440.399823625687
440.820168702264
441.124492935308
441.314842667536
441.393250393396
441.361734759069
441.222300562471
440.976938753250
440.627626432789
440.176326854201
439.624989422336
438.975549693775
438.229929376832
437.390036331556
436.457764569729
435.434994254864
434.323591702211
433.125409378749
431.842285903194
430.476046045994
429.028500729330
427.501447027115
425.896668164999
424.215933520360
422.460998622315
420.633605151710
418.735480941126
416.768339974877
414.733882389011
412.633794471308
410.469748661282
408.243403550181
405.956403880984
403.610380548406
401.206950598893
398.747717230626
396.234269793519
393.668183789218
391.051020871103
388.384328844289
385.669641665621
382.908479443679
380.102348438778
377.252741062963
374.361135880015
371.428997605446
368.457777106503
365.448911402165
362.403823663146
359.323923211892
356.210605522582
353.065252221129
349.889231085180
346.683896044113
343.450587179042
340.190630722812
336.905339060002
333.596010726925
330.263930411626
326.910368953886
323.536583345216
320.143816728861
316.733298399801
313.306243804748
309.863854542148
306.407318362178
302.937809166752
299.456487009514
295.964498095843
292.462974782851
288.953035579382
285.435785146017
281.912314295065
278.383699990573
274.851005348318
271.315279635812
267.777558272300
264.238862828761
260.700201027904
257.162566744176
253.626940003753
250.094286984548
246.565560016205
243.041697580102
239.523624309349
236.012250988791
232.508474555006
229.013178096305
225.527230852732
222.051488216064
218.586791729812
215.133969089221
211.693834141267
208.267186884661
204.854813469848
201.457486199004
198.075963526039
194.710990056598
191.363296548058
188.033599909529
184.722603201854
181.430995637610
178.159452581107
174.908635548390
171.679192207234
168.471756377150
165.286948029381
162.125373286903
158.987624424427
155.874279868394
152.785904196983
149.723048140102
146.686248579395
143.676028548237
140.692897231739
137.737349966742
134.809868241824
131.910919697293
129.040958125192
126.200423469298
123.389741825118
120.609325439897
117.859572712608
115.140868193963
112.453582586402
109.798072744102
107.174681672972
104.583738530653
102.025558626521
99.5004434216854
97.0086805289874
94.5505437130025
92.1262928900393
89.7361741281399
87.3804196470792
85.0592478183656
82.7728631652410
80.5214563626803
78.3052042373918
76.1242697678170
73.9788020841308
71.8689364682413
69.7947943537898
67.7564833261512
65.7540971224332
63.7877156314772
61.8574048938577
59.9632171018825
58.1051905995926
56.2833498827625
54.4977055988998
52.7482545472454
51.0349796787735
49.3578500961917
47.7168210539406
46.1118339581943
44.5428163668602
43.0096819895789
41.5123306877243
40.0506484744035
38.6245075144571
37.2337661244587
35.8782687727154
34.5578460792674
33.2723148158885
32.0214779060853
30.8051244250981
29.6230295999003
28.4749548091986
27.3606475834330
26.2798416047768
25.2322567071364
24.2175988761518
23.2355602491961
22.2858191153756
21.3680399155300
20.4818732422323
19.6269558397887
18.8029106042388
18.0093465833553
17.2458589766443
16.5120291353452
15.8074245624306
15.1315989126064
14.4840919923119
13.8644297597196
13.2721243247351
12.7066739489976
12.1675630458794
11.6542621804860
11.1662280696565
10.7029035819629
10.2637177377107
9.84808570893872
9.45540881941886
9.08507454465647
8.73645651189012
8.40891450009168
8.10179443996627
7.81442841395234
7.54613465622157
7.29621755267896
7.06396764096277
6.84866161044455
6.64956230222912
6.46591870915460
6.29696597579237
6.14192539844711
6.00000442515677
5.87039665569258
5.75228184155906
5.64482588599400
5.54718084396849
5.45848492218687
5.37786247908680
5.30442402483918
5.23726622134822
5.17547188225141
5.11810997291950
5.06423561045655
5.01289006369988
4.96310078732323
4.91407751880145
4.86567844303480
4.81789813043612
4.77073092599042
4.72417094925488
4.67821209435889
4.63284803000400
4.58807219946394
4.54387782058463
4.50025788578416
4.45720516205280
4.41471219095302
4.37277128861944
4.33137454575889
4.29051382765034
4.25018077414500
4.21036679966619
4.17106309320947
4.13226061834254
4.09395011320531
4.05612209050985
4.01876683754042
3.98187441615344
3.94543466277755
3.90943718841353
3.87387137863436
3.83872639358519
3.80399116798338
3.76965441111842
3.73570460685203
3.70213001361807
3.66891866442261
3.63605836684387
3.60353670303229
3.57134102971046
3.53945847817315
3.50787595428732
3.47658013849212
3.44555748579885
3.41479422579103
3.38427636262432
3.35398967502660
3.32391971629788
3.29405181431040
3.26437107150856
3.23486236490893
3.20551034610027
3.17629944124353
3.14721385107182
3.11823755089044
3.08935429057687
3.06054759458078
3.03180076192400
3.00309686620056
2.97441875557665
2.94574905279066
2.91707015515314
2.88836423454684
2.85961323742668
2.83080138563705
2.80192679465822
2.77299247497608
2.74400146196796
2.71495681083477
2.68586159660102
2.65671891411477
2.62753187804768
2.59830362289499
2.56903730297552
2.53973609243166
2.51040318522939
2.48104179515827
2.45165515583144
2.42224652068561
2.39281916298109
2.36337637580175
2.33392147205506
2.30445778447206
2.27498866560736
2.24551748783917
2.21604764336928
2.18658254422303
2.15712562224938
2.12768032912085
2.09825013633355
2.06883853520715
2.03944903688492
2.01008517233370
1.98075049234393
1.95144856752960
1.92218298832831
1.89295736500121
1.86377532763306
1.83464052613218
1.80555663023048
1.77652732948345
1.74755633327016
1.71864737079326
1.68980419107897
1.66103056297710
1.63233027516105
1.60370713612779
1.57516497419786
1.54670763751540
1.51833899404812
1.49006293158731
1.46188335774785
1.43380419996819
1.40582940551035
1.37796294145996
1.35020879472622
1.32257097204188
1.29505349996332
1.26766042487045
1.24039581296681
1.21326375027949
1.18626834265916
1.15941371578008
1.13270383659097
1.10614094197295
1.07972627972986
1.05346107782394
1.02734655549472
1.00138392325901
0.975574382910907
0.949919127521821
0.924419341440437
0.899076200292735
0.873890870981985
0.848864511688750
0.823998271870886
0.799293292263536
0.774750704879137
0.750371633007418
0.726157191215397
0.702108485347384
0.678226612524982
0.654512661147084
0.630967710889873
0.607592832706826
0.584389088828709
0.561357532763581
0.538499209296790
0.515815154490979
0.493306395686078
0.470973951499312
0.448818831825195
0.426842037835532
0.405044561979422
0.383427387983253
0.361991490850704
0.340737836862747
0.319667383577645
0.298781079830951
0.278079865735509
0.257564672681457
0.237236423336222
0.217096031644523
0.197144402828370
0.177382433387065
0.157811011097201
0.138431015012661
0.119243315464621
0.100248774061548
0.0814482436891993
0.0628425685106248
0.0444325839661650
0.0262191167734517
0.00820298492740798
-0.00961500229975162
-0.0272340443585213
-0.0446533494221040
-0.0618721343864113
-0.0788896248700638
-0.0957050552143904
-0.112317668483429
-0.128726716463926
-0.144931484161769
-0.160931727835661
-0.176727629249884
-0.192319401009537
-0.207707272229333
-0.222891488533596
-0.237872312056268
-0.252650021440900
-0.267224911840661
-0.281597294918330
-0.295767498846304
-0.309735868306589
-0.323502764490809
-0.337068565100198
-0.350433664345608
-0.363598472947501
-0.376563418135953
-0.389328943650657
-0.401895509740917
-0.414263593165651
-0.426433687193391
-0.438406301602284
-0.450181962680088
-0.461761213224178
-0.473144612541540
-0.484332736448776
-0.495326177272100
-0.506125543847340
-0.516731461519939
-0.527144572144953
-0.537365534087050
-0.547395022220516
-0.557233727929246
-0.566882359106752
-0.576341640156159
-0.585612311990205
-0.594695132031241
-0.603590874211235
-0.612300328971766
-0.620824303264027
-0.629163620548825
-0.637319120796582
-0.645291660487331
-0.653082112610723
-0.660691366666018
-0.668120328662092
-0.675369921117436
-0.682441083060154
-0.689334770027961
-0.696051954068189
-0.702593623737784
-0.708960784103302
-0.715154456740917
-0.721175679736415
-0.727025507685195
-0.732705011692271
-0.738215279372269
-0.743557414849432
-0.748732538757614
-0.753741787714572
-0.758586290647077
-0.763267158968137
-0.767785517638918
-0.772142507668048
-0.776339286111616
-0.780377026073170
-0.784256916703721
-0.787980163201739
-0.791547986813153
-0.794961624831353
-0.798222330597193
-0.801331373498981
-0.804290038972492
-0.807099628500957
-0.809761459615069
-0.812276865892982
-0.814647196960308
-0.816873818490123
-0.818958112202960
-0.820901475866815
-0.822705323297143
-0.824371084356860
-0.825900204956342
-0.827294147053426
-0.828554388653409
-0.829682423809048
-0.830679762620562
-0.831547931235629
-0.832288471849387
-0.832902942704437
-0.833392918090837
-0.833759988346107
-0.834005759855230
-0.834131855050644
-0.834139912412252
-0.834031586467415
-0.833808547790956
-0.833472483005158
-0.833025094779763
-0.832468101831975
-0.831803238926458
-0.831032256875336
-0.830156922538195
-0.829179018822079
-0.828100344681494
-0.826922715118406
-0.825647961182242
-0.824277929969888
-0.822814484625693
-0.821259504341463
-0.819614884356467
-0.817882535957434
-0.816064386478553
-0.814162379301474
-0.812178473855305
-0.810114645616618
-0.807972886109444
-0.805755202905273
-0.803463617308672
-0.801099682496945
-0.798663885899959
-0.796156574724476
-0.793578100584189
-0.790928819499725
-0.788209091898640
-0.785419282615427
-0.782559760891508
-0.779630900375238
-0.776633079121905
-0.773566679593730
-0.770432088659863
-0.767229697596390
-0.763959902086327
-0.760623102219624
-0.757219702493162
-0.753750111810755
-0.750214743483149
-0.746614015228022
-0.742948349169986
-0.739218171840583
-0.735423914178288
-0.731566011528510
-0.727644903643588
-0.723661034682795
-0.719614853212336
-0.715506812205346
-0.711337369041896
-0.707106985508987
-0.702816127800554
-0.698465266517461
-0.694054876667509
-0.689585437665427
-0.685057433332879
-0.680471351898460
-0.675827685997698
-0.671126932673054
-0.666369593373919
-0.661556173956618
-0.656687184684410
-0.651763140227482
-0.646784559662956
-0.641751966474888
-0.636665888554262
-0.631526858198997
-0.626335412113946
-0.621092091410890
-0.615797441608545
-0.610452012632560
-0.605056358815514
-0.599611038896921
-0.594116616023224
-0.588573657747802
-0.582982736030963
-0.577344427239949
-0.571659312148935
-0.565927975939027
-0.560151008198264
-0.554329002925509
-0.548462722801212
-0.542553538203374
-0.536602966644565
-0.530612535636746
-0.524583782691268
-0.518518255318874
-0.512417511029700
-0.506283117333272
-0.500116651738506
-0.493919701753711
-0.487693864886588
-0.481440748644227
-0.475161970533112
-0.468859158059116
-0.462533948727506
-0.456187990042937
-0.449822939509459
-0.443440464630509
-0.437042242908921
-0.430629961846915
-0.424205318946104
-0.417770021707495
-0.411325787631484
-0.404874344217857
-0.398417428965794
-0.391956789373865
-0.385494182940033
-0.379031377161649
-0.372570149535459
-0.366112287557597
-0.359659588723592
-0.353213860528362
-0.346776920466215
-0.340350596030855
-0.333936724715372
-0.327537154012251
-0.321153741413368
-0.314788354409988
-0.308442870492769
-0.302119177151762
-0.295819171876405
-0.289544762155532
-0.283297865477366
-0.277080409329521
-0.270894331199004
-0.264741578572211
-0.258624108934932
-0.252543889772347
-0.246502898569026
-0.240503122808933
-0.234546559975422
-0.228635217551239
-0.222771113018519
-0.216956273858793
-0.211192737552978
-0.205482551581386
-0.199827773423719
-0.194230470559071
-0.188692720465927
-0.183216379888267
-0.177801892051721
-0.172449159366979
-0.167158080763087
-0.161928552732227
-0.156760469329717
-0.151653722174010
-0.146608200446698
-0.141623790892507
-0.136700377819298
-0.131837843098070
-0.127036066162957
-0.122294924011229
-0.117614291203293
-0.112994039862692
-0.108434039676102
-0.103934157893340
-0.0994942593273542
-0.0951142063542324
-0.0907938589131969
-0.0865330745066059
-0.0823317081999540
-0.0781896126218718
-0.0741066379641258
-0.0700826319816186
-0.0661174399923889
-0.0622109048776112
-0.0583628670815962
-0.0545731646117907
-0.0508416330387773
-0.0471681054962748
-0.0435524126811380
-0.0399943828533576
-0.0364938418360604
-0.0330506130155094
-0.0296645173411033
-0.0263353733253771
-0.0230629970440016
-0.0198472021357840
-0.0166877998026670
-0.0135845988097297
-0.0105374054851871
-0.00754602372039026
-0.00461025496982628
-0.00172989825111822
0.00109524985497477
0.00386539520455759
0.00658074609059901
0.00924151324293186
0.0118479098282529
0.0144001514501229
0.0168984561489667
0.0193430444020727
0.0217341391235939
0.0240719656645467
0.0263567518128119
0.0285887277931340
0.0307681262671216
0.0328951823332473
0.0349701613184800
0.0369936325279893
0.0389663541089824
0.0408890919925205
0.0427626172462449
0.0445877060743768
0.0463651398177175
0.0480957049536483
0.0497801930961304
0.0514194009957053
0.0530141305394941
0.0545651887511983
0.0560733877910992
0.0575395449560583
0.0589644826795168
0.0603490285314963
0.0616940152185982
0.0630002805840038
0.0642686676074747
0.0655000244053524
0.0666952042305584
0.0678550654725941
0.0689804716575411
0.0700722914480610
0.0711313986433954
0.0721586721793657
0.0731549961283737
0.0741212596994009
0.0750583572380089
0.0759671882263395
0.0768486572831143
0.0777036741636349
0.0785331537597831
0.0793380161000206
0.0801191863493892
0.0808775948095105
0.0816141769185864
0.0823298732513986
0.0830256295193089
0.0837023965702592
0.0843611303887714
0.0850027920959471
0.0856283479494684
0.0862387693435971
0.0868350328091751
0.0874181200136244
0.0879890177609468
0.0885487179917243
0.0890982177831190
0.0896385193488727
0.0901706300393075
0.0906955623413255
0.0912143338784086
0.0917279674106189
0.0922374908345984
0.0927439371835694
0.0932483446273338
0.0937517564722738
0.0942552211613515
0.0947597558678027
0.0952655998465782
0.0957722393575659
0.0962791275690974
0.0967857150040992
0.0972914495400934
0.0977957764091968
0.0982981381981216
0.0987979748481749
0.0992947236552592
0.0997878192698719
0.100276693697106
0.100760776296648
0.101239493782782
0.101712270224386
0.102178527044933
0.102637683022491
0.103089154289723
0.103532354333889
0.103966693996841
0.104391581475029
0.104806422319496
0.105210619435881
0.105603573084419
0.105984680879940
0.106353337791866
0.106708936144219
0.107050865615612
0.107378513239256
0.107691263402955
0.107988497849110
0.108269595674716
0.108533933331363
0.108780884625237
0.109009820717118
0.109220110122382
0.109411118711000
0.109582209707538
0.109732743691157
0.109862078595614
0.109969569709259
0.110054569675040
0.110116428490497
0.110154493507768
0.110168109433585
0.110156618329275
0.110119359610760
0.110055670048556
0.109964883767778
0.109846332248132
0.109699344323920
0.109523246184042
0.109317361371989
0.109081010785850
0.108813512678309
0.108514182656642
0.108182333682725
0.107817276073025
0.107418317498607
0.106984772080069
0.106516460778241
0.106013974266325
0.105477970372875
0.104909110403396
0.104308059140346
0.103675484843135
0.103012059248125
0.102318457568629
0.101595358494913
0.100843444194194
0.100063400310644
0.0992559159653832
0.0984216837564864
0.0975613997589794
0.0966757635248404
0.0957654780829996
0.0948312499393391
0.0938737890766934
0.0928938089548486
0.0918920265105432
0.0908691621574677
0.0898259397862644
0.0887630867645279
0.0876813339368048
0.0865814156245937
0.0854640696263452
0.0843300372174623
0.0831800631502995
0.0820148956541638
0.0808352864353139
0.0796419906769610
0.0784357670392679
0.0772173776593496
0.0759875881512733
0.0747471676060582
0.0734968885916753
0.0722375271530479
0.0709698628120514
0.0696946785675129
0.0684127608952121
0.0671248997478802
0.0658318885552008
0.0645345242238094
0.0632336071372937
0.0619299411561931
0.0606243336179995
0.0593175953371567
0.0580105406050603
0.0567039871900582
0.0553987563374504
0.0540956727694888
0.0527955646853773
0.0514992637612721
0.0502076051502812
0.0489214274824648
0.0476415728648351
0.0463688868813563
0.0451042185929448
0.0438484201225529
0.0426022165323414
0.0413660199356403
0.0401401971959184
0.0389251165592532
0.0377211476543312
0.0365286614924482
0.0353480304675086
0.0341796283560261
0.0330238303171233
0.0318810128925316
0.0307515540065918
0.0296358329662533
0.0285342304610748
0.0274471285632238
0.0263749107274769
0.0253179617912197
0.0242766679744467
0.0232514168797615
0.0222425974923767
0.0212506001801138
0.0202758166934034
0.0193186401652850
0.0183794651114073
0.0174586874300277
0.0165567044020129
0.0156739146908383
0.0148107183425885
0.0139675167859572
0.0131447128322467
0.0123427106753687
0.0115619158918437
0.0108027354408013
0.0100655776639799
0.00935085228572717
0.00865897041299960
0.00799034453536273
0.00734538852499109
0.00672451763666821
0.00612814850778663
0.00555669915834786
0.00501058899096243
0.00449023879084988
0.00399607072583870
0.00352850834636645
0.00308797658547961
0.00267490175883372
0.00228971156469330
0.00193283508393184
0.00160470278003187
0.00130574649908489
0.00103639946979142
0.000797096303460948
0.000588272994011992
0.000410366917972048
0.000263816834477619
0.000149062885274202
6.65465947162980e-05
1.67108697673981e-05
0