   0.0000000000000000e+00
   6.5000000000000006e-03
   1.3000000000000001e-02
   1.9500000000000000e-02
   2.6000000000000002e-02
   3.2500000000000001e-02
   3.9000000000000000e-02
   4.5499999999999999e-02
   5.2000000000000005e-02
   5.8499999999999996e-02
   6.5000000000000002e-02
   7.1499999999999994e-02
   7.8000000000000000e-02
   8.4499999999999992e-02
   9.0999999999999998e-02
   9.7500000000000003e-02
   1.0400000000000001e-01
   1.1050000000000001e-01
   1.1699999999999999e-01
   1.2350000000000000e-01
   1.3000000000000000e-01
   1.3650000000000001e-01
   1.4299999999999999e-01
   1.4949999999999999e-01
   1.5600000000000000e-01
   1.6250000000000001e-01
   1.6899999999999998e-01
   1.7549999999999999e-01
   1.8200000000000000e-01
   1.8850000000000000e-01
   1.9500000000000001e-01
   2.0150000000000001e-01
   2.0800000000000002e-01
   2.1450000000000002e-01
   2.2100000000000003e-01
   2.2750000000000004e-01
   2.3399999999999999e-01
   2.4049999999999999e-01
   2.4700000000000000e-01
   2.5350000000000000e-01
   2.6000000000000001e-01
   2.6650000000000001e-01
   2.7300000000000002e-01
   2.7949999999999997e-01
   2.8599999999999998e-01
   2.9249999999999998e-01
   2.9899999999999999e-01
   3.0549999999999999e-01
   3.1200000000000000e-01
   3.1850000000000001e-01
   3.2500000000000001e-01
   3.3149999999999996e-01
   3.3799999999999997e-01
   3.4449999999999997e-01
   3.5099999999999998e-01
   3.5749999999999998e-01
   3.6399999999999999e-01
   3.7050000000000000e-01
   3.7700000000000000e-01
   3.8349999999999995e-01
   3.9000000000000001e-01
   3.9649999999999996e-01
   4.0300000000000002e-01
   4.0949999999999998e-01
   4.1600000000000004e-01
   4.2249999999999999e-01
   4.2900000000000005e-01
   4.3550000000000000e-01
   4.4200000000000006e-01
   4.4850000000000001e-01
   4.5500000000000007e-01
   4.6149999999999997e-01
   4.6799999999999997e-01
   4.7449999999999998e-01
   4.8099999999999998e-01
   4.8749999999999999e-01
   4.9399999999999999e-01
   5.0049999999999994e-01
   5.0700000000000001e-01
   5.1349999999999996e-01
   5.2000000000000002e-01
   5.2649999999999997e-01
   5.3300000000000003e-01
   5.3949999999999998e-01
   5.4600000000000004e-01
   5.5249999999999999e-01
   5.5899999999999994e-01
   5.6550000000000000e-01
   5.7199999999999995e-01
   5.7850000000000001e-01
   5.8499999999999996e-01
   5.9150000000000003e-01
   5.9799999999999998e-01
   6.0450000000000004e-01
   6.1099999999999999e-01
   6.1750000000000005e-01
   6.2400000000000000e-01
   6.3050000000000006e-01
   6.3700000000000001e-01
   6.4350000000000007e-01
   6.5000000000000002e-01
   6.5650000000000008e-01
   6.6299999999999992e-01
   6.6949999999999998e-01
   6.7599999999999993e-01
   6.8250000000000000e-01
   6.8899999999999995e-01
   6.9550000000000001e-01
   7.0199999999999996e-01
   7.0850000000000002e-01
   7.1499999999999997e-01
   7.2150000000000003e-01
   7.2799999999999998e-01
   7.3450000000000004e-01
   7.4099999999999999e-01
   7.4750000000000005e-01
   7.5400000000000000e-01
   7.6050000000000006e-01
   7.6699999999999990e-01
   7.7349999999999997e-01
   7.8000000000000003e-01
   7.8649999999999998e-01
   7.9299999999999993e-01
   7.9949999999999999e-01
   8.0600000000000005e-01
   8.1250000000000000e-01
   8.1899999999999995e-01
   8.2550000000000001e-01
   8.3200000000000007e-01
   8.3850000000000002e-01
   8.4499999999999997e-01
   8.5150000000000003e-01
   8.5800000000000010e-01
   8.6450000000000005e-01
   8.7100000000000000e-01
   8.7750000000000006e-01
   8.8400000000000012e-01
   8.9050000000000007e-01
   8.9700000000000002e-01
   9.0350000000000008e-01
   9.1000000000000014e-01
   9.1649999999999987e-01
   9.2299999999999993e-01
   9.2949999999999988e-01
   9.3599999999999994e-01
   9.4249999999999989e-01
   9.4899999999999995e-01
   9.5549999999999990e-01
   9.6199999999999997e-01
   9.6849999999999992e-01
   9.7499999999999998e-01
   9.8149999999999993e-01
   9.8799999999999999e-01
   9.9449999999999994e-01
   1.0009999999999999e+00
   1.0075000000000001e+00
   1.0140000000000000e+00
   1.0205000000000000e+00
   1.0269999999999999e+00
   1.0335000000000001e+00
   1.0400000000000000e+00
   1.0465000000000000e+00
   1.0529999999999999e+00
   1.0595000000000001e+00
   1.0660000000000001e+00
   1.0725000000000000e+00
   1.0790000000000000e+00
   1.0855000000000001e+00
   1.0920000000000001e+00
   1.0985000000000000e+00
   1.1050000000000000e+00
   1.1115000000000002e+00
   1.1179999999999999e+00
   1.1244999999999998e+00
   1.1310000000000000e+00
   1.1375000000000000e+00
   1.1439999999999999e+00
   1.1504999999999999e+00
   1.1570000000000000e+00
   1.1635000000000000e+00
   1.1699999999999999e+00
   1.1764999999999999e+00
   1.1830000000000001e+00
   1.1895000000000000e+00
   1.1960000000000000e+00
   1.2024999999999999e+00
   1.2090000000000001e+00
   1.2155000000000000e+00
   1.2220000000000000e+00
   1.2284999999999999e+00
   1.2350000000000001e+00
   1.2415000000000000e+00
   1.2480000000000000e+00
   1.2544999999999999e+00
   1.2610000000000001e+00
   1.2675000000000001e+00
   1.2740000000000000e+00
   1.2805000000000000e+00
   1.2870000000000001e+00
   1.2935000000000001e+00
   1.3000000000000000e+00
   1.3065000000000000e+00
   1.3130000000000002e+00
   1.3195000000000001e+00
   1.3259999999999998e+00
   1.3325000000000000e+00
   1.3390000000000000e+00
   1.3454999999999999e+00
   1.3519999999999999e+00
   1.3585000000000000e+00
   1.3650000000000000e+00
   1.3714999999999999e+00
   1.3779999999999999e+00
   1.3845000000000001e+00
   1.3910000000000000e+00
   1.3975000000000000e+00
   1.4039999999999999e+00
   1.4105000000000001e+00
   1.4170000000000000e+00
   1.4235000000000000e+00
   1.4299999999999999e+00
   1.4365000000000001e+00
   1.4430000000000001e+00
   1.4495000000000000e+00
   1.4560000000000000e+00
   1.4625000000000001e+00
   1.4690000000000001e+00
   1.4755000000000000e+00
   1.4820000000000000e+00
   1.4885000000000002e+00
   1.4950000000000001e+00
   1.5015000000000001e+00
   1.5080000000000000e+00
   1.5145000000000002e+00
   1.5210000000000001e+00
   1.5274999999999999e+00
   1.5339999999999998e+00
   1.5405000000000000e+00
   1.5469999999999999e+00
   1.5534999999999999e+00
   1.5600000000000001e+00
   1.5665000000000000e+00
   1.5730000000000000e+00
   1.5794999999999999e+00
   1.5859999999999999e+00
   1.5925000000000000e+00
   1.5990000000000000e+00
   1.6054999999999999e+00
   1.6120000000000001e+00
   1.6185000000000000e+00
   1.6250000000000000e+00
   1.6315000000000000e+00
   1.6379999999999999e+00
   1.6445000000000001e+00
   1.6510000000000000e+00
   1.6575000000000000e+00
   1.6640000000000001e+00
   1.6705000000000001e+00
   1.6770000000000000e+00
   1.6835000000000000e+00
   1.6899999999999999e+00
   1.6965000000000001e+00
   1.7030000000000001e+00
   1.7095000000000000e+00
   1.7160000000000002e+00
   1.7225000000000001e+00
   1.7290000000000001e+00
   1.7355000000000000e+00
   1.7420000000000000e+00
   1.7485000000000002e+00
   1.7550000000000001e+00
   1.7615000000000001e+00
   1.7680000000000002e+00
   1.7745000000000002e+00
   1.7810000000000001e+00
   1.7875000000000001e+00
   1.7940000000000000e+00
   1.8005000000000002e+00
   1.8070000000000002e+00
   1.8135000000000001e+00
   1.8200000000000003e+00
   1.8265000000000002e+00
   1.8329999999999997e+00
   1.8394999999999999e+00
   1.8459999999999999e+00
   1.8524999999999998e+00
   1.8589999999999998e+00
   1.8654999999999999e+00
   1.8719999999999999e+00
   1.8784999999999998e+00
   1.8849999999999998e+00
   1.8915000000000000e+00
   1.8979999999999999e+00
   1.9044999999999999e+00
   1.9109999999999998e+00
   1.9175000000000000e+00
   1.9239999999999999e+00
   1.9304999999999999e+00
   1.9369999999999998e+00
   1.9435000000000000e+00
   1.9500000000000000e+00
   1.9564999999999999e+00
   1.9629999999999999e+00
   1.9695000000000000e+00
   1.9760000000000000e+00
   1.9824999999999999e+00
   1.9889999999999999e+00
   1.9955000000000001e+00
   2.0019999999999998e+00
   2.0085000000000002e+00
   2.0150000000000001e+00
   2.0215000000000001e+00
   2.0280000000000000e+00
   2.0345000000000000e+00
   2.0409999999999999e+00
   2.0474999999999999e+00
   2.0539999999999998e+00
   2.0605000000000002e+00
   2.0670000000000002e+00
   2.0735000000000001e+00
   2.0800000000000001e+00
   2.0865000000000000e+00
   2.0930000000000000e+00
   2.0994999999999999e+00
   2.1059999999999999e+00
   2.1125000000000003e+00
   2.1190000000000002e+00
   2.1255000000000002e+00
   2.1320000000000001e+00
   2.1385000000000001e+00
   2.1450000000000000e+00
   2.1515000000000000e+00
   2.1579999999999999e+00
   2.1645000000000003e+00
   2.1710000000000003e+00
   2.1775000000000002e+00
   2.1840000000000002e+00
   2.1905000000000001e+00
   2.1970000000000001e+00
   2.2035000000000000e+00
   2.2100000000000000e+00
   2.2165000000000004e+00
   2.2230000000000003e+00
   2.2295000000000003e+00
   2.2359999999999998e+00
   2.2424999999999997e+00
   2.2489999999999997e+00
   2.2554999999999996e+00
   2.2620000000000000e+00
   2.2685000000000000e+00
   2.2749999999999999e+00
   2.2814999999999999e+00
   2.2879999999999998e+00
   2.2944999999999998e+00
   2.3009999999999997e+00
   2.3075000000000001e+00
   2.3140000000000001e+00
   2.3205000000000000e+00
   2.3270000000000000e+00
   2.3334999999999999e+00
   2.3399999999999999e+00
   2.3464999999999998e+00
   2.3529999999999998e+00
   2.3594999999999997e+00
   2.3660000000000001e+00
   2.3725000000000001e+00
   2.3790000000000000e+00
   2.3855000000000000e+00
   2.3919999999999999e+00
   2.3984999999999999e+00
   2.4049999999999998e+00
   2.4115000000000002e+00
   2.4180000000000001e+00
   2.4245000000000001e+00
   2.4310000000000000e+00
   2.4375000000000000e+00
   2.4440000000000000e+00
   2.4504999999999999e+00
   2.4569999999999999e+00
   2.4634999999999998e+00
   2.4700000000000002e+00
   2.4765000000000001e+00
   2.4830000000000001e+00
   2.4895000000000000e+00
   2.4960000000000000e+00
   2.5024999999999999e+00
   2.5089999999999999e+00
   2.5155000000000003e+00
   2.5220000000000002e+00
   2.5285000000000002e+00
   2.5350000000000001e+00
   2.5415000000000001e+00
   2.5480000000000000e+00
   2.5545000000000000e+00
   2.5609999999999999e+00
   2.5674999999999999e+00
   2.5740000000000003e+00
   2.5805000000000002e+00
   2.5870000000000002e+00
   2.5935000000000001e+00
   2.6000000000000001e+00
   2.6065000000000000e+00
   2.6130000000000000e+00
   2.6195000000000004e+00
   2.6260000000000003e+00
   2.6325000000000003e+00
   2.6390000000000002e+00
   2.6454999999999997e+00
   2.6519999999999997e+00
   2.6584999999999996e+00
   2.6650000000000000e+00
   2.6715000000000000e+00
   2.6779999999999999e+00
   2.6844999999999999e+00
   2.6909999999999998e+00
   2.6974999999999998e+00
   2.7039999999999997e+00
   2.7104999999999997e+00
   2.7170000000000001e+00
   2.7235000000000000e+00
   2.7300000000000000e+00
   2.7364999999999999e+00
   2.7429999999999999e+00
   2.7494999999999998e+00
   2.7559999999999998e+00
   2.7624999999999997e+00
   2.7690000000000001e+00
   2.7755000000000001e+00
   2.7820000000000000e+00
   2.7885000000000000e+00
   2.7949999999999999e+00
   2.8014999999999999e+00
   2.8079999999999998e+00
   2.8144999999999998e+00
   2.8210000000000002e+00
   2.8275000000000001e+00
   2.8340000000000001e+00
   2.8405000000000000e+00
   2.8470000000000000e+00
   2.8534999999999999e+00
   2.8599999999999999e+00
   2.8664999999999998e+00
   2.8730000000000002e+00
   2.8795000000000002e+00
   2.8860000000000001e+00
   2.8925000000000001e+00
   2.8990000000000000e+00
   2.9055000000000000e+00
   2.9119999999999999e+00
   2.9184999999999999e+00
   2.9250000000000003e+00
   2.9315000000000002e+00
   2.9380000000000002e+00
   2.9445000000000001e+00
   2.9510000000000001e+00
   2.9575000000000000e+00
   2.9640000000000000e+00
   2.9704999999999999e+00
   2.9770000000000003e+00
   2.9835000000000003e+00
   2.9900000000000002e+00
   2.9965000000000002e+00
   3.0030000000000001e+00
   3.0095000000000001e+00
   3.0160000000000000e+00
   3.0225000000000000e+00
   3.0290000000000004e+00
   3.0355000000000003e+00
   3.0420000000000003e+00
   3.0484999999999998e+00
   3.0549999999999997e+00
   3.0614999999999997e+00
   3.0679999999999996e+00
   3.0745000000000000e+00
   3.0810000000000000e+00
   3.0874999999999999e+00
   3.0939999999999999e+00
   3.1004999999999998e+00
   3.1069999999999998e+00
   3.1134999999999997e+00
   3.1200000000000001e+00
   3.1265000000000001e+00
   3.1330000000000000e+00
   3.1395000000000000e+00
   3.1459999999999999e+00
   3.1524999999999999e+00
   3.1589999999999998e+00
   3.1654999999999998e+00
   3.1719999999999997e+00
   3.1785000000000001e+00
   3.1850000000000001e+00
   3.1915000000000000e+00
   3.1980000000000000e+00
   3.2044999999999999e+00
   3.2109999999999999e+00
   3.2174999999999998e+00
   3.2240000000000002e+00
   3.2305000000000001e+00
   3.2370000000000001e+00
   3.2435000000000000e+00
   3.2500000000000000e+00
   3.2565000000000000e+00
   3.2629999999999999e+00
   3.2694999999999999e+00
   3.2759999999999998e+00
   3.2825000000000002e+00
   3.2890000000000001e+00
   3.2955000000000001e+00
   3.3020000000000000e+00
   3.3085000000000000e+00
   3.3149999999999999e+00
   3.3214999999999999e+00
   3.3280000000000003e+00
   3.3345000000000002e+00
   3.3410000000000002e+00
   3.3475000000000001e+00
   3.3540000000000001e+00
   3.3605000000000000e+00
   3.3670000000000000e+00
   3.3734999999999999e+00
   3.3799999999999999e+00
   3.3865000000000003e+00
   3.3930000000000002e+00
   3.3995000000000002e+00
   3.4060000000000001e+00
   3.4125000000000001e+00
   3.4190000000000000e+00
   3.4255000000000000e+00
   3.4320000000000004e+00
   3.4385000000000003e+00
   3.4450000000000003e+00
   3.4515000000000002e+00
   3.4580000000000002e+00
   3.4645000000000001e+00
   3.4710000000000001e+00
   3.4775000000000000e+00
   3.4840000000000000e+00
   3.4905000000000004e+00
   3.4970000000000003e+00
   3.5035000000000003e+00
   3.5100000000000002e+00
   3.5165000000000002e+00
   3.5230000000000001e+00
   3.5295000000000001e+00
   3.5360000000000005e+00
   3.5425000000000004e+00
   3.5490000000000004e+00
   3.5555000000000003e+00
   3.5620000000000003e+00
   3.5685000000000002e+00
   3.5750000000000002e+00
   3.5815000000000001e+00
   3.5880000000000001e+00
   3.5945000000000005e+00
   3.6010000000000004e+00
   3.6075000000000004e+00
   3.6140000000000003e+00
   3.6205000000000003e+00
   3.6270000000000002e+00
   3.6335000000000002e+00
   3.6400000000000006e+00
   3.6465000000000005e+00
   3.6530000000000005e+00
   3.6594999999999995e+00
   3.6659999999999995e+00
   3.6724999999999994e+00
   3.6789999999999998e+00
   3.6854999999999998e+00
   3.6919999999999997e+00
   3.6984999999999997e+00
   3.7049999999999996e+00
   3.7114999999999996e+00
   3.7179999999999995e+00
   3.7244999999999999e+00
   3.7309999999999999e+00
   3.7374999999999998e+00
   3.7439999999999998e+00
   3.7504999999999997e+00
   3.7569999999999997e+00
   3.7634999999999996e+00
   3.7699999999999996e+00
   3.7764999999999995e+00
   3.7829999999999999e+00
   3.7894999999999999e+00
   3.7959999999999998e+00
   3.8024999999999998e+00
   3.8089999999999997e+00
   3.8154999999999997e+00
   3.8219999999999996e+00
   3.8285000000000000e+00
   3.8350000000000000e+00
   3.8414999999999999e+00
   3.8479999999999999e+00
   3.8544999999999998e+00
   3.8609999999999998e+00
   3.8674999999999997e+00
   3.8739999999999997e+00
   3.8804999999999996e+00
   3.8870000000000000e+00
   3.8935000000000000e+00
   3.8999999999999999e+00
   3.9064999999999999e+00
   3.9129999999999998e+00
   3.9194999999999998e+00
   3.9259999999999997e+00
   3.9325000000000001e+00
   3.9390000000000001e+00
   3.9455000000000000e+00
   3.9520000000000000e+00
   3.9584999999999999e+00
   3.9649999999999999e+00
   3.9714999999999998e+00
   3.9779999999999998e+00
   3.9844999999999997e+00
   3.9910000000000001e+00
   3.9975000000000001e+00
   4.0039999999999996e+00
   4.0105000000000004e+00
   4.0170000000000003e+00
   4.0235000000000003e+00
   4.0300000000000002e+00
   4.0365000000000002e+00
   4.0430000000000001e+00
   4.0495000000000001e+00
   4.0560000000000000e+00
   4.0625000000000000e+00
   4.0690000000000000e+00
   4.0754999999999999e+00
   4.0819999999999999e+00
   4.0884999999999998e+00
   4.0949999999999998e+00
   4.1014999999999997e+00
   4.1079999999999997e+00
   4.1144999999999996e+00
   4.1210000000000004e+00
   4.1275000000000004e+00
   4.1340000000000003e+00
   4.1405000000000003e+00
   4.1470000000000002e+00
   4.1535000000000002e+00
   4.1600000000000001e+00
   4.1665000000000001e+00
   4.1730000000000000e+00
   4.1795000000000000e+00
   4.1859999999999999e+00
   4.1924999999999999e+00
   4.1989999999999998e+00
   4.2054999999999998e+00
   4.2119999999999997e+00
   4.2185000000000006e+00
   4.2250000000000005e+00
   4.2315000000000005e+00
   4.2380000000000004e+00
   4.2445000000000004e+00
   4.2510000000000003e+00
   4.2575000000000003e+00
   4.2640000000000002e+00
   4.2705000000000002e+00
   4.2770000000000001e+00
   4.2835000000000001e+00
   4.2900000000000000e+00
   4.2965000000000000e+00
   4.3029999999999999e+00
   4.3094999999999999e+00
   4.3159999999999998e+00
   4.3224999999999998e+00
   4.3290000000000006e+00
   4.3355000000000006e+00
   4.3420000000000005e+00
   4.3485000000000005e+00
   4.3550000000000004e+00
   4.3615000000000004e+00
   4.3680000000000003e+00
   4.3745000000000003e+00
   4.3810000000000002e+00
   4.3875000000000002e+00
   4.3940000000000001e+00
   4.4005000000000001e+00
   4.4070000000000000e+00
   4.4135000000000000e+00
   4.4199999999999999e+00
   4.4265000000000008e+00
   4.4330000000000007e+00
   4.4395000000000007e+00
   4.4460000000000006e+00
   4.4525000000000006e+00
   4.4590000000000005e+00
   4.4655000000000005e+00
   4.4719999999999995e+00
   4.4784999999999995e+00
   4.4849999999999994e+00
   4.4914999999999994e+00
   4.4979999999999993e+00
   4.5044999999999993e+00
   4.5109999999999992e+00
   4.5175000000000001e+00
   4.5240000000000000e+00
   4.5305000000000000e+00
   4.5369999999999999e+00
   4.5434999999999999e+00
   4.5499999999999998e+00
   4.5564999999999998e+00
   4.5629999999999997e+00
   4.5694999999999997e+00
   4.5759999999999996e+00
   4.5824999999999996e+00
   4.5889999999999995e+00
   4.5954999999999995e+00
   4.6019999999999994e+00
   4.6084999999999994e+00
   4.6150000000000002e+00
   4.6215000000000002e+00
   4.6280000000000001e+00
   4.6345000000000001e+00
   4.6410000000000000e+00
   4.6475000000000000e+00
   4.6539999999999999e+00
   4.6604999999999999e+00
   4.6669999999999998e+00
   4.6734999999999998e+00
   4.6799999999999997e+00
   4.6864999999999997e+00
   4.6929999999999996e+00
   4.6994999999999996e+00
   4.7059999999999995e+00
   4.7124999999999995e+00
   4.7189999999999994e+00
   4.7255000000000003e+00
   4.7320000000000002e+00
   4.7385000000000002e+00
   4.7450000000000001e+00
   4.7515000000000001e+00
   4.7580000000000000e+00
   4.7645000000000000e+00
   4.7709999999999999e+00
   4.7774999999999999e+00
   4.7839999999999998e+00
   4.7904999999999998e+00
   4.7969999999999997e+00
   4.8034999999999997e+00
   4.8099999999999996e+00
   4.8164999999999996e+00
   4.8230000000000004e+00
   4.8295000000000003e+00
   4.8360000000000003e+00
   4.8425000000000002e+00
   4.8490000000000002e+00
   4.8555000000000001e+00
   4.8620000000000001e+00
   4.8685000000000000e+00
   4.8750000000000000e+00
   4.8815000000000000e+00
   4.8879999999999999e+00
   4.8944999999999999e+00
   4.9009999999999998e+00
   4.9074999999999998e+00
   4.9139999999999997e+00
   4.9204999999999997e+00
   4.9269999999999996e+00
   4.9335000000000004e+00
   4.9400000000000004e+00
   4.9465000000000003e+00
   4.9530000000000003e+00
   4.9595000000000002e+00
   4.9660000000000002e+00
   4.9725000000000001e+00
   4.9790000000000001e+00
   4.9855000000000000e+00
   4.9920000000000000e+00
   4.9984999999999999e+00
   5.0049999999999999e+00
   5.0114999999999998e+00
   5.0179999999999998e+00
   5.0244999999999997e+00
   5.0310000000000006e+00
   5.0375000000000005e+00
   5.0440000000000005e+00
   5.0505000000000004e+00
   5.0570000000000004e+00
   5.0635000000000003e+00
   5.0700000000000003e+00
   5.0765000000000002e+00
   5.0830000000000002e+00
   5.0895000000000001e+00
   5.0960000000000001e+00
   5.1025000000000000e+00
   5.1090000000000000e+00
   5.1154999999999999e+00
   5.1219999999999999e+00
   5.1284999999999998e+00
   5.1349999999999998e+00
   5.1415000000000006e+00
   5.1480000000000006e+00
   5.1545000000000005e+00
   5.1610000000000005e+00
   5.1675000000000004e+00
   5.1740000000000004e+00
   5.1805000000000003e+00
   5.1870000000000003e+00
   5.1935000000000002e+00
   5.2000000000000002e+00
   5.2065000000000001e+00
   5.2130000000000001e+00
   5.2195000000000000e+00
   5.2260000000000000e+00
   5.2324999999999999e+00
   5.2390000000000008e+00
   5.2455000000000007e+00
   5.2520000000000007e+00
   5.2585000000000006e+00
   5.2650000000000006e+00
   5.2715000000000005e+00
   5.2780000000000005e+00
   5.2844999999999995e+00
   5.2909999999999995e+00
   5.2974999999999994e+00
   5.3039999999999994e+00
   5.3104999999999993e+00
   5.3169999999999993e+00
   5.3234999999999992e+00
   5.3300000000000001e+00
   5.3365000000000000e+00
   5.3430000000000000e+00
   5.3494999999999999e+00
   5.3559999999999999e+00
   5.3624999999999998e+00
   5.3689999999999998e+00
   5.3754999999999997e+00
   5.3819999999999997e+00
   5.3884999999999996e+00
   5.3949999999999996e+00
   5.4014999999999995e+00
   5.4079999999999995e+00
   5.4144999999999994e+00
   5.4209999999999994e+00
   5.4275000000000002e+00
   5.4340000000000002e+00
   5.4405000000000001e+00
   5.4470000000000001e+00
   5.4535000000000000e+00
   5.4600000000000000e+00
   5.4664999999999999e+00
   5.4729999999999999e+00
   5.4794999999999998e+00
   5.4859999999999998e+00
   5.4924999999999997e+00
   5.4989999999999997e+00
   5.5054999999999996e+00
   5.5119999999999996e+00
   5.5184999999999995e+00
   5.5249999999999995e+00
   5.5314999999999994e+00
   5.5380000000000003e+00
   5.5445000000000002e+00
   5.5510000000000002e+00
   5.5575000000000001e+00
   5.5640000000000001e+00
   5.5705000000000000e+00
   5.5770000000000000e+00
   5.5834999999999999e+00
   5.5899999999999999e+00
   5.5964999999999998e+00
   5.6029999999999998e+00
   5.6094999999999997e+00
   5.6159999999999997e+00
   5.6224999999999996e+00
   5.6289999999999996e+00
   5.6355000000000004e+00
   5.6420000000000003e+00
   5.6485000000000003e+00
   5.6550000000000002e+00
   5.6615000000000002e+00
   5.6680000000000001e+00
   5.6745000000000001e+00
   5.6810000000000000e+00
   5.6875000000000000e+00
   5.6940000000000000e+00
   5.7004999999999999e+00
   5.7069999999999999e+00
   5.7134999999999998e+00
   5.7199999999999998e+00
   5.7264999999999997e+00
   5.7329999999999997e+00
   5.7394999999999996e+00
   5.7460000000000004e+00
   5.7525000000000004e+00
   5.7590000000000003e+00
   5.7655000000000003e+00
   5.7720000000000002e+00
   5.7785000000000002e+00
   5.7850000000000001e+00
   5.7915000000000001e+00
   5.7980000000000000e+00
   5.8045000000000000e+00
   5.8109999999999999e+00
   5.8174999999999999e+00
   5.8239999999999998e+00
   5.8304999999999998e+00
   5.8369999999999997e+00
   5.8435000000000006e+00
   5.8500000000000005e+00
   5.8565000000000005e+00
   5.8630000000000004e+00
   5.8695000000000004e+00
   5.8760000000000003e+00
   5.8825000000000003e+00
   5.8890000000000002e+00
   5.8955000000000002e+00
   5.9020000000000001e+00
   5.9085000000000001e+00
   5.9150000000000000e+00
   5.9215000000000000e+00
   5.9279999999999999e+00
   5.9344999999999999e+00
   5.9409999999999998e+00
   5.9474999999999998e+00
   5.9540000000000006e+00
   5.9605000000000006e+00
   5.9670000000000005e+00
   5.9735000000000005e+00
   5.9800000000000004e+00
   5.9865000000000004e+00
   5.9930000000000003e+00
   5.9995000000000003e+00
   6.0060000000000002e+00
   6.0125000000000002e+00
   6.0190000000000001e+00
   6.0255000000000001e+00
   6.0320000000000000e+00
   6.0385000000000000e+00
   6.0449999999999999e+00
   6.0515000000000008e+00
   6.0580000000000007e+00
   6.0645000000000007e+00
   6.0710000000000006e+00
   6.0775000000000006e+00
   6.0840000000000005e+00
   6.0905000000000005e+00
   6.0969999999999995e+00
   6.1034999999999995e+00
   6.1099999999999994e+00
   6.1164999999999994e+00
   6.1229999999999993e+00
   6.1294999999999993e+00
   6.1359999999999992e+00
   6.1425000000000001e+00
   6.1490000000000000e+00
   6.1555000000000000e+00
   6.1619999999999999e+00
   6.1684999999999999e+00
   6.1749999999999998e+00
   6.1814999999999998e+00
   6.1879999999999997e+00
   6.1944999999999997e+00
   6.2009999999999996e+00
   6.2074999999999996e+00
   6.2139999999999995e+00
   6.2204999999999995e+00
   6.2269999999999994e+00
   6.2334999999999994e+00
   6.2400000000000002e+00
   6.2465000000000002e+00
   6.2530000000000001e+00
   6.2595000000000001e+00
   6.2660000000000000e+00
   6.2725000000000000e+00
   6.2789999999999999e+00
   6.2854999999999999e+00
   6.2919999999999998e+00
   6.2984999999999998e+00
   6.3049999999999997e+00
   6.3114999999999997e+00
   6.3179999999999996e+00
   6.3244999999999996e+00
   6.3309999999999995e+00
   6.3374999999999995e+00
   6.3439999999999994e+00
   6.3505000000000003e+00
   6.3570000000000002e+00
   6.3635000000000002e+00
   6.3700000000000001e+00
   6.3765000000000001e+00
   6.3830000000000000e+00
   6.3895000000000000e+00
   6.3959999999999999e+00
   6.4024999999999999e+00
   6.4089999999999998e+00
   6.4154999999999998e+00
   6.4219999999999997e+00
   6.4284999999999997e+00
   6.4349999999999996e+00
   6.4414999999999996e+00
   6.4480000000000004e+00
   6.4545000000000003e+00
   6.4610000000000003e+00
   6.4675000000000002e+00
   6.4740000000000002e+00
   6.4805000000000001e+00
   6.4870000000000001e+00
   6.4935000000000000e+00
   6.5000000000000000e+00
