-1190.07427770844
-1177.72689746123
-1165.46514382714
-1153.28871911393
-1141.19732562937
-1129.19066568121
-1117.26844157723
-1105.43035562518
-1093.67611013282
-1082.00540740793
-1070.41794975826
-1058.91343949158
-1047.49157891565
-1036.15207033823
-1024.89461606708
-1013.71891840998
-1002.62467967467
-991.611602168930
-980.679388200517
-969.827740077194
-959.056360106724
-948.364950596871
-937.753213855397
-927.220852190066
-916.767567908640
-906.393063318882
-896.097040728556
-885.879202445424
-875.739250777250
-865.676888031796
-855.691816516825
-845.783738540101
-835.952356409386
-826.197372432443
-816.518488917036
-806.915408170927
-797.387832501880
-787.935464217656
-778.558005626020
-769.255159034735
-760.026626751563
-750.872111084267
-741.791314340610
-732.783938828356
-723.849686855267
-714.988260729107
-706.199362757638
-697.482695248622
-688.837960509825
-680.264860849008
-671.763098573934
-663.332375992366
-654.972395412067
-646.682859140801
-638.463469486330
-630.313928756418
-622.233939258827
-614.223203301320
-606.281423191660
-598.408301237611
-590.603539746934
-582.866841027395
-575.197907386754
-567.596441132775
-560.062144573222
-552.594720015858
-545.193869768444
-537.859296138745
-530.590701434522
-523.387787963541
-516.250258033562
-509.177813952349
-502.170158027666
-495.226992567275
-488.348019878940
-481.532942270422
-474.781462049486
-468.093281523894
-461.468103001409
-454.905628789794
-448.405561196813
-441.967602530228
-435.591455097802
-429.276821207298
-423.023403166479
-416.830903283109
-410.699023864950
-404.627467219765
-398.615935655317
-392.664131479369
-386.771756999685
-380.938514524027
-375.164106360157
-369.448234815840
-363.790602198839
-358.190910816915
-352.648862977832
-347.164160989354
-341.736507159243
-336.365603795262
-331.051153205174
-325.792857696742
-320.590419577729
-315.443541155899
-310.351924739013
-305.315272634836
-300.333287151130
-295.405670595657
-290.532125276183
-285.712353500468
-280.946057576276
-276.232939811370
-271.572702513514
-266.965047990469
-262.409678550000
-257.906296499869
-253.454604147839
-249.054303801672
-244.705097769134
-240.406688357985
-236.158777875989
-231.961068630909
-227.813262930508
-223.715063082550
-219.666171394796
-215.666290175011
-211.715121730956
-207.812368370396
-203.957732401092
-200.150916130809
-196.391621867309
-192.679551918355
-189.014408591709
-185.395894195136
-181.823711036398
-178.297561423258
-174.817147663479
-171.382172064824
-167.992336935056
-164.647344581938
-161.346897313233
-158.090697436704
-154.878447260114
-151.709849091226
-148.584605237803
-145.502418007608
-142.462989708404
-139.466022647954
-136.511219134021
-133.598281474368
-130.726911976758
-127.896812948954
-125.107686698718
-122.359235533815
-119.651161762007
-116.983167691057
-114.354955628728
-111.766227882782
-109.216686760984
-106.706034571095
-104.233973620880
-101.800206218100
-99.4044346705199
-97.0463612859013
-94.7256883720075
-92.4421182366017
-90.1953531874469
-87.9850955323060
-85.8110475789420
-83.6729116351178
-81.5703900085966
-79.5031850071414
-77.4709989385150
-75.4735341104805
-73.5104928308010
-71.5815774072393
-69.6864901475585
-67.8249333595217
-65.9966093508917
-64.2012204294316
-62.4384689029044
-60.7080570790730
-59.0096872657005
-57.3430617705499
-55.7078829013842
-54.1038529659664
-52.5306742720593
-50.9880491274262
-49.4756798398299
-47.9932687170334
-46.5405180667999
-45.1171301968921
-43.7228074150732
-42.3572520291062
-41.0201663467539
-39.7112526757795
-38.4302133239460
-37.1767505990162
-35.9505668087533
-34.7513642609202
-33.5788452632800
-32.4327121235955
-31.3126671496299
-30.2184126491460
-29.1496509299070
-28.1060842996757
-27.0874150662153
-26.0933455372886
-25.1235780206588
-24.1778148240887
-23.2557582553414
-22.3571106221799
-21.4815742323672
-20.6288513936663
-19.7986444138401
-18.9906556006517
-18.2045872618640
-17.4401417052401
-16.6970212385430
-15.9749281695356
-15.2735648059810
-14.5926334556421
-13.9318364262820
-13.2908760256636
-12.6694545615500
-12.0672743417041
-11.4840376738889
-10.9194468658675
-10.3732042254028
-9.84501206025777
-9.33457267819550
-8.84158838697894
-8.36576149437110
-7.90679430813496
-7.46438913603354
-7.03824828582981
-6.62807406528679
-6.23356878216747
-5.85443474423483
-5.49037425925190
-5.14108963498164
-4.80628317918707
-4.48565719963119
-4.17891400407698
-3.88575590028744
-3.60588519602558
-3.33900419905438
-3.08481521713685
-2.84302055803598
-2.61332252951477
-2.39542343933621
-2.18902559526331
-1.99383130505906
-1.80954287648644
-1.63586261730848
-1.47249283528815
-1.31913583818846
-1.17549393377240
-1.04126942980297
-0.916164634043162
-0.799881854255979
-0.692123398204418
-0.592591573651473
-0.500988688360140
-0.417017050093417
-0.340378966614302
-0.270776745685790
-0.207912695070876
-0.151489122532562
-0.101208335833840
-0.0567726427377089
-0.0178843510071660
0.0157542315947943
0.0444407973051728
0.0684730383609740
0.0881486469992008
0.103765315456857
0.115620735970945
0.124012600778468
0.129238602116429
0.131596432221833
0.131383783331682
0.128898347682979
0.124437817512727
0.118299885057930
0.110782242555591
0.102182582242713
0.0927985963563003
0.0829279771333546
0.0728684168108801
0.0629175971161372
0.0533129648808249
0.0440900870216093
0.0352422846649911
0.0267628789374711
0.0186451909655499
0.0108825418757283
0.00346825279450697
-0.00360435515161343
-0.0103419608361321
-0.0167512431325484
-0.0228388809143617
-0.0286115530550712
-0.0340759384281762
-0.0392387159071760
-0.0441065643655699
-0.0486861626768572
-0.0529841897145372
-0.0570073243521094
-0.0607622454630727
-0.0642556319209266
-0.0674941625991703
-0.0704845163713033
-0.0732333721108247
-0.0757474086912339
-0.0780333049860302
-0.0800977398687129
-0.0819473922127812
-0.0835889408917344
-0.0850290647790720
-0.0862744427482931
-0.0873317536728970
-0.0882076764263831
-0.0889088898822506
-0.0894420729139989
-0.0898139043951271
-0.0900310631991348
-0.0901002281995210
-0.0900280782697852
-0.0898212922834266
-0.0894865491139445
-0.0890305276348382
-0.0884599067196071
-0.0877813652417503
-0.0870015820747672
-0.0861272360921571
-0.0851650061674194
-0.0841215711740532
-0.0830036099855579
-0.0818178014754328
-0.0805708245171772
-0.0792693579842903
-0.0779200807502715
-0.0765296716886201
-0.0751048096728353
-0.0736521735764165
-0.0721784422728630
-0.0706902946356740
-0.0691944095383489
-0.0676974658543869
-0.0662053886883115
-0.0647198682451911
-0.0632411168435152
-0.0617693452698919
-0.0603047643109289
-0.0588475847532340
-0.0573980173834152
-0.0559562729880802
-0.0545225623538369
-0.0530970962672931
-0.0516800855150568
-0.0502717408837357
-0.0488722731599377
-0.0474818931302706
-0.0461008115813422
-0.0447292392997605
-0.0433673870721332
-0.0420154656850682
-0.0406736859251734
-0.0393422585790565
-0.0380213944333255
-0.0367113042745881
-0.0354121988894523
-0.0341242890645258
-0.0328477855864166
-0.0315828992417324
-0.0303298408170811
-0.0290888210990705
-0.0278600508743085
-0.0266437409294029
-0.0254401020509616
-0.0242493450255924
-0.0230716806399032
-0.0219073196805018
-0.0207564729339960
-0.0196193511869937
-0.0184961652261028
-0.0173871258379310
-0.0162924438090863
-0.0152123299261764
-0.0141469949758092
-0.0130966497445926
-0.0120615050191344
-0.0110417715860425
-0.0100376602319246
-0.00904938174338863
-0.00807714690704245
-0.00712116650949390
-0.00618165133735081
-0.00525881217722103
-0.00435285981571240
-0.00346400503943276
-0.00259245863498997
-0.00173843138899185
-0.000902134088046270
-8.37775187610571e-05
0.000716427532255938
0.00149827027839688
0.00226153993305391
0.00300605989073641
0.00373198739137646
0.00443966829540632
0.00512945059705896
0.00580168229056735
0.00645671137016445
0.00709488583008323
0.00771655366455665
0.00832206286781769
0.00891176143409931
0.00948599735763448
0.0100451186326562
0.0105894732533973
0.0111194092140909
0.0116352745089700
0.0121374171322674
0.0126261850782161
0.0131019263410492
0.0135649889149996
0.0140157207943002
0.0144544699731840
0.0148815844458840
0.0152974122066332
0.0157023012496644
0.0160965995692108
0.0164806551595052
0.0168548160147806
0.0172194301292701
0.0175748454972064
0.0179214101128227
0.0182594719703519
0.0185893790640269
0.0189114793880808
0.0192261209367464
0.0195336517042568
0.0198344196848449
0.0201287728727437
0.0204170592621861
0.0206996268474052
0.0209768236226338
0.0212489975821051
0.0215164967200518
0.0217796690307070
0.0220388625083037
0.0222944251470748
0.0225467049412533
0.0227960498850721
0.0230428079727643
0.0232873271985628
0.0235299555567005
0.0237710410414104
0.0240109316469256
0.0242499753674789
0.0244885201973033
0.0247269141306318
0.0249655051616974
0.0252046412847330
0.0254446704939716
0.0256859407836461
0.0259287871505633
0.0261732998143736
0.0264193509910631
0.0266668052764233
0.0269155272662458
0.0271653815563221
0.0274162327424439
0.0276679454204025
0.0279203841859897
0.0281734136349969
0.0284268983632157
0.0286807029664376
0.0289346920404543
0.0291887301810571
0.0294426819840378
0.0296964120451878
0.0299497849602988
0.0302026653251621
0.0304549177355695
0.0307064067873125
0.0309569970761825
0.0312065531979712
0.0314549397484701
0.0317020213234707
0.0319476625187647
0.0321917279301435
0.0324340821533988
0.0326745897843219
0.0329131154187047
0.0331495236523384
0.0333836790810148
0.0336154463005254
0.0338446899066616
0.0340712744952152
0.0342950646619775
0.0345159250027403
0.0347337201132949
0.0349483145894330
0.0351595730269462
0.0353673600216259
0.0355715401692637
0.0357719780656513
0.0359685383065800
0.0361610854878415
0.0363494842052274
0.0365335990545291
0.0367132946315383
0.0368884355320465
0.0370588863518452
0.0372245116867260
0.0373851761324804
0.0375407442849000
0.0376910807397763
0.0378360500929010
0.0379755169400654
0.0381093458770613
0.0382374014996801
0.0383595484037134
0.0384756511849528
0.0385855761385378
0.0386892676264407
0.0387867789714547
0.0388781715906543
0.0389635069011141
0.0390428463199085
0.0391162512641119
0.0391837831507990
0.0392455033970441
0.0393014734199218
0.0393517546365066
0.0393964084638730
0.0394354963190954
0.0394690796192483
0.0394972197814064
0.0395199782226439
0.0395374163600355
0.0395495956106556
0.0395565773915787
0.0395584231198793
0.0395551942126320
0.0395469520869111
0.0395337581597912
0.0395156738483468
0.0394927605696524
0.0394650797407824
0.0394326927788115
0.0393956611008139
0.0393540461238643
0.0393079092650372
0.0392573119414070
0.0392023155700482
0.0391429815680353
0.0390793713524429
0.0390115463403453
0.0389395679488172
0.0388634975949329
0.0387833966957670
0.0386993266683941
0.0386113489298884
0.0385195248973247
0.0384239159877773
0.0383245836183208
0.0382215892060296
0.0381149941679782
0.0380048599212412
0.0378912478828930
0.0377742194700081
0.0376538360996610
0.0375301591889262
0.0374032501548783
0.0372731704145916
0.0371399813851407
0.0370037444836000
0.0368645211270442
0.0367223727325476
0.0365773607171847
0.0364295464980301
0.0362789914921583
0.0361257571144574
0.0359699043232531
0.0358114930615915
0.0356505831356662
0.0354872343516709
0.0353215065157991
0.0351534594342443
0.0349831529132002
0.0348106467588603
0.0346360007774182
0.0344592747750675
0.0342805285580018
0.0340998219324146
0.0339172147044996
0.0337327666804503
0.0335465376664602
0.0333585874687231
0.0331689758934324
0.0329777627467817
0.0327850078349646
0.0325907709641747
0.0323951119406055
0.0321980905704507
0.0319997666599038
0.0318002000151585
0.0315994504424082
0.0313975777478466
0.0311946417376672
0.0309907022180636
0.0307858189952294
0.0305800518753583
0.0303734606646436
0.0301661051692791
0.0299580451954584
0.0297493405493749
0.0295400510372223
0.0293302364651941
0.0291199566394840
0.0289092713662855
0.0286982404517922
0.0284869237021977
0.0282753809236955
0.0280636719224793
0.0278518565047426
0.0276399944766789
0.0274281456444820
0.0272163698143452
0.0270047267924624
0.0267932763850269
0.0265820783982324
0.0263711926382725
0.0261606789113407
0.0259505970236306
0.0257410067813359
0.0255319679906500
0.0253235404577666
0.0251157839888793
0.0249087583901815
0.0247025234678670
0.0244971390279610
0.0242926577869892
0.0240891065097049
0.0238865060242229
0.0236848771586578
0.0234842407411244
0.0232846175997375
0.0230860285626117
0.0228884944578619
0.0226920361136027
0.0224966743579488
0.0223024300190151
0.0221093239249163
0.0219173769037670
0.0217266097836821
0.0215370433927763
0.0213486985591642
0.0211615961109607
0.0209757568762804
0.0207912016832382
0.0206079513599487
0.0204260267345266
0.0202454486350868
0.0200662378897439
0.0198884153266128
0.0197120017738080
0.0195370180594444
0.0193634850116367
0.0191914234584996
0.0190208542281479
0.0188517981486962
0.0186842760482595
0.0185183087549522
0.0183539170968893
0.0181911219021855
0.0180299439989554
0.0178704042153138
0.0177125233793755
0.0175563223192551
0.0174018218630675
0.0172490428389273
0.0170980060749493
0.0169487323992483
0.0168012426399389
0.0166555576251359
0.0165116981829541
0.0163696851415081
0.0162295393289127
0.0160912815732827
0.0159549327027328
0.0158205135453776
0.0156880449293320
0.0155575476827107
0.0154290426336285
0.0153025506101999
0.0151780924405399
0.0150556889527631
0.0149353609749843
0.0148171293353181
0.0147010148618794
0.0145870329156404
0.0144751652066709
0.0143653806519660
0.0142576481437299
0.0141519365741667
0.0140482148354808
0.0139464518198763
0.0138466164195576
0.0137486775267287
0.0136526040335940
0.0135583648323576
0.0134659288152238
0.0133752648743969
0.0132863419020810
0.0131991287904803
0.0131135944317992
0.0130297077182418
0.0129474375420124
0.0128667527953152
0.0127876223703543
0.0127100151593341
0.0126339000544588
0.0125592459479326
0.0124860217319597
0.0124141962987444
0.0123437385404908
0.0122746173494033
0.0122068016176860
0.0121402602375431
0.0120749621011790
0.0120108761007977
0.0119479711286036
0.0118862160768009
0.0118255798375938
0.0117660313031865
0.0117075393657833
0.0116500729175884
0.0115936008508059
0.0115380920576402
0.0114835154302955
0.0114298398609760
0.0113770342418859
0.0113250674652294
0.0112739084232109
0.0112235260080344
0.0111738891119043
0.0111249666270247
0.0110767274455999
0.0110291404598342
0.0109821745619316
0.0109357986440966
0.0108899815985332
0.0108446923174458
0.0107998996930385
0.0107555726175156
0.0107116799830814
0.0106681906819399
0.0106250736062956
0.0105822976483525
0.0105398328195325
0.0104976612531282
0.0104557725005497
0.0104141562199576
0.0103728020695124
0.0103316997073743
0.0102908387917040
0.0102502089806618
0.0102097999324081
0.0101696013051035
0.0101296027569083
0.0100897939459830
0.0100501645304880
0.0100107041685837
0.00997140251843069
0.00993224923818928
0.00989323398601996
0.00985434642008315
0.00981557619853930
0.00977691297954883
0.00973834642127221
0.00969986618186986
0.00966146191950221
0.00962312329232972
0.00958483995851282
0.00954660157621195
0.00950839780358754
0.00947021829880004
0.00943205272000989
0.00939389072537752
0.00935572197306337
0.00931753612122790
0.00927932282803152
0.00924107175163468
0.00920277255019782
0.00916441488188139
0.00912598840484581
0.00908748277725153
0.00904888765725899
0.00901019270302862
0.00897138757272087
0.00893246192449617
0.00889340541651496
0.00885420770693769
0.00881485845392478
0.00877534731563669
0.00873566395023385
0.00869579801587669
0.00865573917072567
0.00861547707294120
0.00857500138068375
0.00853430175211374
0.00849336784539161
0.00845218931867781
0.00841075583013277
0.00836905703791693
0.00832708260019073
0.00828482217511461
0.00824226542084900
0.00819940227314794
0.00815622862986852
0.00811274612526115
0.00806895662600677
0.00802486199878637
0.00798046411028091
0.00793576482717136
0.00789076601613867
0.00784546954386382
0.00779987727702778
0.00775399108231150
0.00770781282639595
0.00766134437596210
0.00761458759769092
0.00756754435826337
0.00752021652436041
0.00747260596266301
0.00742471453985214
0.00737654412260877
0.00732809657761386
0.00727937377154837
0.00723037757109327
0.00718110984292953
0.00713157245373810
0.00708176727019997
0.00703169615899609
0.00698136098680743
0.00693076362031496
0.00687990592619963
0.00682878977114243
0.00677741702182430
0.00672578954492622
0.00667390920712916
0.00662177787511408
0.00656939741556194
0.00651676969515371
0.00646389658057036
0.00641077993849285
0.00635742163560215
0.00630382353857923
0.00624998751410504
0.00619591542886056
0.00614160914952676
0.00608707054278458
0.00603230147531502
0.00597730381379902
0.00592207942491755
0.00586663017535158
0.00581095793178208
0.00575506456089001
0.00569895192935634
0.00564262190386203
0.00558607635108805
0.00552931713771537
0.00547234613042494
0.00541516519589774
0.00535777620081474
0.00530018101185689
0.00524238149570516
0.00518437957760073
0.00512618045926390
0.00506779428910524
0.00500923162601113
0.00495050302886794
0.00489161905656205
0.00483259026797982
0.00477342722200763
0.00471414047753184
0.00465474059343884
0.00459523812861500
0.00453564364194668
0.00447596769232026
0.00441622083862211
0.00435641363973861
0.00429655665455612
0.00423666044196102
0.00417673556083969
0.00411679257007848
0.00405684202856378
0.00399689449518196
0.00393696052881938
0.00387705068836244
0.00381717553269748
0.00375734562071089
0.00369757151128904
0.00363786376331831
0.00357823293568505
0.00351868958727566
0.00345924427697649
0.00339990756367392
0.00334069000625433
0.00328160216360408
0.00322265459460955
0.00316385785815711
0.00310522251313313
0.00304675911842399
0.00298847823291605
0.00293039041549570
0.00287250622504929
0.00281483622046321
0.00275739096062383
0.00270018100441751
0.00264321691073064
0.00258650923844958
0.00253006854646070
0.00247390539365039
0.00241803033890500
0.00236245394111092
0.00230718675915451
0.00225223935192215
0.00219762227830021
0.00214334609717506
0.00208942136743307
0.00203585864796063
0.00198266849764409
0.00192986147536983
0.00187744814002422
0.00182543905049365
0.00177384476946913
0.00172267705535153
0.00167195055684062
0.00162168035069855
0.00157188151368746
0.00152256912256949
0.00147375825410678
0.00142546398506147
0.00137770139219570
0.00133048555227160
0.00128383154205132
0.00123775443829701
0.00119226931777079
0.00114739125723481
0.00110313533345120
0.00105951662318212
0.00101655020318969
0.000974251150236064
0.000932634541083374
0.000891715452493763
0.000851508961229369
0.000812030144052334
0.000773294077724797
0.000735315839008897
0.000698110504666776
0.000661693151460572
0.000626078856152426
0.000591282695504478
0.000557319746278867
0.000524205085237735
0.000491953789143219
0.000460580934757462
0.000430101598842602
0.000400530858160779
0.000371883789474133
0.000344175469544805
0.000317420975134935
0.000291635383006661
0.000266833769922125
0.000243031212643465
0.000220242787932823
0.000198483572552338
0.000177768643264150
0.000158113076830399
0.000139531950013224
0.000122040339574767
0.000105653322277166
9.03859748825622e-05
7.62533741530948e-05
6.32705968509041e-05
5.14527197381300e-05
4.08148195769123e-05
3.13719731293912e-05
2.31392571577065e-05
1.61317484239981e-05
1.03645236904060e-05
5.85265971907020e-06
2.61123327213064e-06
6.55321111727225e-07
0